# log n	log T	log cool/n2	log heat/n2
 -4.00	 1.00	    -25.453	    -21.381
 -4.00	 1.25	    -25.230	    -21.440
 -4.00	 1.50	    -24.874	    -21.491
 -4.00	 1.75	    -24.491	    -21.533
 -4.00	 2.00	    -24.107	    -21.566
 -4.00	 2.25	    -23.774	    -21.592
 -4.00	 2.50	    -23.555	    -21.612
 -4.00	 2.75	    -23.432	    -21.626
 -4.00	 3.00	    -23.365	    -21.637
 -4.00	 3.25	    -23.327	    -21.645
 -4.00	 3.50	    -23.305	    -21.651
 -4.00	 3.75	    -23.285	    -21.655
 -4.00	 4.00	    -23.163	    -21.658
 -4.00	 4.25	    -22.826	    -21.660
 -4.00	 4.50	    -22.274	    -21.662
 -4.00	 4.75	    -21.741	    -21.663
 -4.00	 5.00	    -21.397	    -21.665
 -3.75	 1.00	    -25.478	    -21.510
 -3.75	 1.25	    -25.223	    -21.584
 -3.75	 1.50	    -24.829	    -21.651
 -3.75	 1.75	    -24.469	    -21.709
 -3.75	 2.00	    -24.129	    -21.757
 -3.75	 2.25	    -23.805	    -21.796
 -3.75	 2.50	    -23.575	    -21.827
 -3.75	 2.75	    -23.444	    -21.851
 -3.75	 3.00	    -23.382	    -21.869
 -3.75	 3.25	    -23.360	    -21.882
 -3.75	 3.50	    -23.357	    -21.891
 -3.75	 3.75	    -23.337	    -21.898
 -3.75	 4.00	    -23.175	    -21.903
 -3.75	 4.25	    -22.788	    -21.906
 -3.75	 4.50	    -22.221	    -21.909
 -3.75	 4.75	    -21.705	    -21.912
 -3.75	 5.00	    -21.353	    -21.914
 -3.50	 1.00	    -25.517	    -21.623
 -3.50	 1.25	    -25.229	    -21.706
 -3.50	 1.50	    -24.794	    -21.785
 -3.50	 1.75	    -24.437	    -21.858
 -3.50	 2.00	    -24.135	    -21.922
 -3.50	 2.25	    -23.837	    -21.978
 -3.50	 2.50	    -23.608	    -22.024
 -3.50	 2.75	    -23.470	    -22.060
 -3.50	 3.00	    -23.403	    -22.089
 -3.50	 3.25	    -23.387	    -22.110
 -3.50	 3.50	    -23.398	    -22.126
 -3.50	 3.75	    -23.378	    -22.137
 -3.50	 4.00	    -23.182	    -22.145
 -3.50	 4.25	    -22.751	    -22.151
 -3.50	 4.50	    -22.171	    -22.156
 -3.50	 4.75	    -21.680	    -22.161
 -3.50	 5.00	    -21.323	    -22.164
 -3.25	 1.00	    -25.576	    -21.731
 -3.25	 1.25	    -25.257	    -21.815
 -3.25	 1.50	    -24.781	    -21.900
 -3.25	 1.75	    -24.412	    -21.983
 -3.25	 2.00	    -24.131	    -22.062
 -3.25	 2.25	    -23.861	    -22.133
 -3.25	 2.50	    -23.645	    -22.196
 -3.25	 2.75	    -23.507	    -22.249
 -3.25	 3.00	    -23.434	    -22.291
 -3.25	 3.25	    -23.414	    -22.325
 -3.25	 3.50	    -23.427	    -22.350
 -3.25	 3.75	    -23.407	    -22.369
 -3.25	 4.00	    -23.187	    -22.382
 -3.25	 4.25	    -22.714	    -22.392
 -3.25	 4.50	    -22.127	    -22.402
 -3.25	 4.75	    -21.662	    -22.410
 -3.25	 5.00	    -21.304	    -22.414
 -3.00	 1.00	    -25.658	    -21.845
 -3.00	 1.25	    -25.309	    -21.924
 -3.00	 1.50	    -24.796	    -22.007
 -3.00	 1.75	    -24.408	    -22.093
 -3.00	 2.00	    -24.130	    -22.180
 -3.00	 2.25	    -23.878	    -22.263
 -3.00	 2.50	    -23.677	    -22.341
 -3.00	 2.75	    -23.545	    -22.411
 -3.00	 3.00	    -23.471	    -22.471
 -3.00	 3.25	    -23.445	    -22.520
 -3.00	 3.50	    -23.451	    -22.559
 -3.00	 3.75	    -23.425	    -22.589
 -3.00	 4.00	    -23.190	    -22.611
 -3.00	 4.25	    -22.676	    -22.627
 -3.00	 4.50	    -22.088	    -22.646
 -3.00	 4.75	    -21.650	    -22.659
 -3.00	 5.00	    -21.293	    -22.664
 -2.75	 1.00	    -25.767	    -21.974
 -2.75	 1.25	    -25.389	    -22.043
 -2.75	 1.50	    -24.839	    -22.119
 -2.75	 1.75	    -24.429	    -22.201
 -2.75	 2.00	    -24.144	    -22.288
 -2.75	 2.25	    -23.897	    -22.376
 -2.75	 2.50	    -23.704	    -22.464
 -2.75	 2.75	    -23.579	    -22.547
 -2.75	 3.00	    -23.506	    -22.623
 -2.75	 3.25	    -23.474	    -22.690
 -2.75	 3.50	    -23.466	    -22.746
 -2.75	 3.75	    -23.427	    -22.792
 -2.75	 4.00	    -23.187	    -22.827
 -2.75	 4.25	    -22.625	    -22.854
 -2.75	 4.50	    -22.053	    -22.890
 -2.75	 4.75	    -21.642	    -22.908
 -2.75	 5.00	    -21.286	    -22.914
 -2.50	 1.00	    -25.901	    -22.123
 -2.50	 1.25	    -25.495	    -22.180
 -2.50	 1.50	    -24.909	    -22.245
 -2.50	 1.75	    -24.476	    -22.318
 -2.50	 2.00	    -24.178	    -22.398
 -2.50	 2.25	    -23.927	    -22.484
 -2.50	 2.50	    -23.734	    -22.573
 -2.50	 2.75	    -23.611	    -22.663
 -2.50	 3.00	    -23.538	    -22.752
 -2.50	 3.25	    -23.499	    -22.834
 -2.50	 3.50	    -23.471	    -22.908
 -2.50	 3.75	    -23.409	    -22.971
 -2.50	 4.00	    -23.171	    -23.023
 -2.50	 4.25	    -22.558	    -23.066
 -2.50	 4.50	    -22.024	    -23.133
 -2.50	 4.75	    -21.639	    -23.157
 -2.50	 5.00	    -21.282	    -23.164
 -2.25	 1.00	    -26.060	    -22.290
 -2.25	 1.25	    -25.625	    -22.337
 -2.25	 1.50	    -25.004	    -22.390
 -2.25	 1.75	    -24.548	    -22.451
 -2.25	 2.00	    -24.234	    -22.521
 -2.25	 2.25	    -23.973	    -22.598
 -2.25	 2.50	    -23.775	    -22.682
 -2.25	 2.75	    -23.649	    -22.771
 -2.25	 3.00	    -23.573	    -22.864
 -2.25	 3.25	    -23.528	    -22.956
 -2.25	 3.50	    -23.481	    -23.044
 -2.25	 3.75	    -23.389	    -23.125
 -2.25	 4.00	    -23.143	    -23.195
 -2.25	 4.25	    -22.471	    -23.260
 -2.25	 4.50	    -22.002	    -23.374
 -2.25	 4.75	    -21.637	    -23.407
 -2.25	 5.00	    -21.279	    -23.414
 -2.00	 1.00	    -26.238	    -22.475
 -2.00	 1.25	    -25.774	    -22.512
 -2.00	 1.50	    -25.120	    -22.554
 -2.00	 1.75	    -24.643	    -22.604
 -2.00	 2.00	    -24.313	    -22.661
 -2.00	 2.25	    -24.037	    -22.727
 -2.00	 2.50	    -23.829	    -22.801
 -2.00	 2.75	    -23.698	    -22.883
 -2.00	 3.00	    -23.617	    -22.972
 -2.00	 3.25	    -23.565	    -23.065
 -2.00	 3.50	    -23.504	    -23.160
 -2.00	 3.75	    -23.383	    -23.254
 -2.00	 4.00	    -23.111	    -23.341
 -2.00	 4.25	    -22.367	    -23.433
 -2.00	 4.50	    -21.986	    -23.614
 -2.00	 4.75	    -21.636	    -23.656
 -2.00	 5.00	    -21.278	    -23.664
 -1.75	 1.00	    -26.432	    -22.675
 -1.75	 1.25	    -25.940	    -22.703
 -1.75	 1.50	    -25.254	    -22.736
 -1.75	 1.75	    -24.757	    -22.775
 -1.75	 2.00	    -24.410	    -22.821
 -1.75	 2.25	    -24.120	    -22.875
 -1.75	 2.50	    -23.900	    -22.937
 -1.75	 2.75	    -23.760	    -23.008
 -1.75	 3.00	    -23.672	    -23.087
 -1.75	 3.25	    -23.613	    -23.175
 -1.75	 3.50	    -23.540	    -23.268
 -1.75	 3.75	    -23.396	    -23.366
 -1.75	 4.00	    -23.083	    -23.464
 -1.75	 4.25	    -22.254	    -23.588
 -1.75	 4.50	    -21.976	    -23.852
 -1.75	 4.75	    -21.635	    -23.906
 -1.75	 5.00	    -21.277	    -23.913
 -1.50	 1.00	    -26.638	    -22.887
 -1.50	 1.25	    -26.118	    -22.908
 -1.50	 1.50	    -25.402	    -22.934
 -1.50	 1.75	    -24.888	    -22.964
 -1.50	 2.00	    -24.525	    -23.000
 -1.50	 2.25	    -24.218	    -23.042
 -1.50	 2.50	    -23.986	    -23.092
 -1.50	 2.75	    -23.836	    -23.150
 -1.50	 3.00	    -23.740	    -23.218
 -1.50	 3.25	    -23.673	    -23.294
 -1.50	 3.50	    -23.589	    -23.380
 -1.50	 3.75	    -23.425	    -23.474
 -1.50	 4.00	    -23.067	    -23.574
 -1.50	 4.25	    -22.142	    -23.733
 -1.50	 4.50	    -21.969	    -24.088
 -1.50	 4.75	    -21.635	    -24.156
 -1.50	 5.00	    -21.277	    -24.163
 -1.25	 1.00	    -26.852	    -23.108
 -1.25	 1.25	    -26.306	    -23.124
 -1.25	 1.50	    -25.563	    -23.143
 -1.25	 1.75	    -25.033	    -23.166
 -1.25	 2.00	    -24.655	    -23.194
 -1.25	 2.25	    -24.331	    -23.227
 -1.25	 2.50	    -24.085	    -23.266
 -1.25	 2.75	    -23.926	    -23.313
 -1.25	 3.00	    -23.822	    -23.367
 -1.25	 3.25	    -23.746	    -23.431
 -1.25	 3.50	    -23.651	    -23.505
 -1.25	 3.75	    -23.470	    -23.589
 -1.25	 4.00	    -23.068	    -23.683
 -1.25	 4.25	    -22.042	    -23.879
 -1.25	 4.50	    -21.965	    -24.324
 -1.25	 4.75	    -21.635	    -24.406
 -1.25	 5.00	    -21.276	    -24.412
 -1.00	 1.00	    -27.071	    -23.336
 -1.00	 1.25	    -26.500	    -23.348
 -1.00	 1.50	    -25.735	    -23.363
 -1.00	 1.75	    -25.190	    -23.380
 -1.00	 2.00	    -24.796	    -23.401
 -1.00	 2.25	    -24.456	    -23.427
 -1.00	 2.50	    -24.197	    -23.457
 -1.00	 2.75	    -24.028	    -23.493
 -1.00	 3.00	    -23.916	    -23.536
 -1.00	 3.25	    -23.833	    -23.588
 -1.00	 3.50	    -23.727	    -23.648
 -1.00	 3.75	    -23.530	    -23.720
 -1.00	 4.00	    -23.088	    -23.802
 -1.00	 4.25	    -21.962	    -24.038
 -1.00	 4.50	    -21.962	    -24.563
 -1.00	 4.75	    -21.634	    -24.656
 -1.00	 5.00	    -21.276	    -24.661
 -0.75	 1.00	    -27.291	    -23.569
 -0.75	 1.25	    -26.698	    -23.578
 -0.75	 1.50	    -25.916	    -23.589
 -0.75	 1.75	    -25.359	    -23.603
 -0.75	 2.00	    -24.949	    -23.619
 -0.75	 2.25	    -24.590	    -23.638
 -0.75	 2.50	    -24.317	    -23.661
 -0.75	 2.75	    -24.139	    -23.689
 -0.75	 3.00	    -24.021	    -23.722
 -0.75	 3.25	    -23.930	    -23.763
 -0.75	 3.50	    -23.815	    -23.811
 -0.75	 3.75	    -23.605	    -23.869
 -0.75	 4.00	    -23.126	    -23.937
 -0.75	 4.25	    -21.904	    -24.214
 -0.75	 4.50	    -21.959	    -24.804
 -0.75	 4.75	    -21.634	    -24.905
 -0.75	 5.00	    -21.276	    -24.909
 -0.50	 1.00	    -27.506	    -23.807
 -0.50	 1.25	    -26.895	    -23.814
 -0.50	 1.50	    -26.104	    -23.822
 -0.50	 1.75	    -25.537	    -23.832
 -0.50	 2.00	    -25.110	    -23.844
 -0.50	 2.25	    -24.732	    -23.859
 -0.50	 2.50	    -24.446	    -23.876
 -0.50	 2.75	    -24.259	    -23.897
 -0.50	 3.00	    -24.134	    -23.923
 -0.50	 3.25	    -24.036	    -23.954
 -0.50	 3.50	    -23.913	    -23.992
 -0.50	 3.75	    -23.693	    -24.037
 -0.50	 4.00	    -23.181	    -24.092
 -0.50	 4.25	    -21.865	    -24.410
 -0.50	 4.50	    -21.958	    -25.048
 -0.50	 4.75	    -21.634	    -25.155
 -0.50	 5.00	    -21.276	    -25.155
 -0.25	 1.00	    -27.709	    -24.048
 -0.25	 1.25	    -27.087	    -24.053
 -0.25	 1.50	    -26.296	    -24.059
 -0.25	 1.75	    -25.723	    -24.066
 -0.25	 2.00	    -25.280	    -24.075
 -0.25	 2.25	    -24.881	    -24.086
 -0.25	 2.50	    -24.580	    -24.100
 -0.25	 2.75	    -24.384	    -24.116
 -0.25	 3.00	    -24.252	    -24.135
 -0.25	 3.25	    -24.150	    -24.159
 -0.25	 3.50	    -24.019	    -24.188
 -0.25	 3.75	    -23.790	    -24.223
 -0.25	 4.00	    -23.249	    -24.266
 -0.25	 4.25	    -21.841	    -24.622
 -0.25	 4.50	    -21.957	    -25.294
 -0.25	 4.75	    -21.634	    -25.404
 -0.25	 5.00	    -21.276	    -25.397
  0.00	 1.00	    -27.891	    -24.291
  0.00	 1.25	    -27.265	    -24.295
  0.00	 1.50	    -26.489	    -24.299
  0.00	 1.75	    -25.914	    -24.305
  0.00	 2.00	    -25.456	    -24.311
  0.00	 2.25	    -25.035	    -24.320
  0.00	 2.50	    -24.719	    -24.330
  0.00	 2.75	    -24.513	    -24.342
  0.00	 3.00	    -24.375	    -24.356
  0.00	 3.25	    -24.267	    -24.374
  0.00	 3.50	    -24.131	    -24.396
  0.00	 3.75	    -23.894	    -24.423
  0.00	 4.00	    -23.329	    -24.455
  0.00	 4.25	    -21.826	    -24.847
  0.00	 4.50	    -21.957	    -25.541
  0.00	 4.75	    -21.634	    -25.653
  0.00	 5.00	    -21.276	    -25.635
  0.25	 1.00	    -28.043	    -24.536
  0.25	 1.25	    -27.422	    -24.539
  0.25	 1.50	    -26.677	    -24.542
  0.25	 1.75	    -26.108	    -24.546
  0.25	 2.00	    -25.635	    -24.551
  0.25	 2.25	    -25.192	    -24.557
  0.25	 2.50	    -24.860	    -24.565
  0.25	 2.75	    -24.645	    -24.574
  0.25	 3.00	    -24.501	    -24.585
  0.25	 3.25	    -24.388	    -24.598
  0.25	 3.50	    -24.247	    -24.615
  0.25	 3.75	    -24.003	    -24.635
  0.25	 4.00	    -23.418	    -24.659
  0.25	 4.25	    -21.817	    -25.081
  0.25	 4.50	    -21.956	    -25.789
  0.25	 4.75	    -21.634	    -25.900
  0.25	 5.00	    -21.276	    -25.864
  0.50	 1.00	    -28.159	    -24.782
  0.50	 1.25	    -27.551	    -24.784
  0.50	 1.50	    -26.854	    -24.787
  0.50	 1.75	    -26.299	    -24.790
  0.50	 2.00	    -25.815	    -24.793
  0.50	 2.25	    -25.350	    -24.798
  0.50	 2.50	    -25.003	    -24.804
  0.50	 2.75	    -24.779	    -24.810
  0.50	 3.00	    -24.629	    -24.818
  0.50	 3.25	    -24.512	    -24.829
  0.50	 3.50	    -24.365	    -24.841
  0.50	 3.75	    -24.115	    -24.856
  0.50	 4.00	    -23.515	    -24.873
  0.50	 4.25	    -21.812	    -25.320
  0.50	 4.50	    -21.956	    -26.037
  0.50	 4.75	    -21.634	    -26.145
  0.50	 5.00	    -21.276	    -26.078
  0.75	 1.00	    -28.241	    -25.030
  0.75	 1.25	    -27.649	    -25.031
  0.75	 1.50	    -27.011	    -25.033
  0.75	 1.75	    -26.482	    -25.035
  0.75	 2.00	    -25.993	    -25.038
  0.75	 2.25	    -25.508	    -25.041
  0.75	 2.50	    -25.146	    -25.045
  0.75	 2.75	    -24.913	    -25.050
  0.75	 3.00	    -24.758	    -25.056
  0.75	 3.25	    -24.636	    -25.064
  0.75	 3.50	    -24.485	    -25.073
  0.75	 3.75	    -24.230	    -25.083
  0.75	 4.00	    -23.617	    -25.095
  0.75	 4.25	    -21.809	    -25.562
  0.75	 4.50	    -21.956	    -26.285
  0.75	 4.75	    -21.634	    -26.387
  0.75	 5.00	    -21.276	    -26.272
  1.00	 1.00	    -28.296	    -25.278
  1.00	 1.25	    -27.719	    -25.279
  1.00	 1.50	    -27.144	    -25.280
  1.00	 1.75	    -26.652	    -25.282
  1.00	 2.00	    -26.164	    -25.284
  1.00	 2.25	    -25.663	    -25.286
  1.00	 2.50	    -25.288	    -25.289
  1.00	 2.75	    -25.047	    -25.293
  1.00	 3.00	    -24.886	    -25.297
  1.00	 3.25	    -24.760	    -25.303
  1.00	 3.50	    -24.605	    -25.309
  1.00	 3.75	    -24.345	    -25.317
  1.00	 4.00	    -23.723	    -25.324
  1.00	 4.25	    -21.808	    -25.804
  1.00	 4.50	    -21.955	    -26.530
  1.00	 4.75	    -21.634	    -26.622
  1.00	 5.00	    -21.276	    -26.436
  1.25	 1.00	    -28.333	    -25.527
  1.25	 1.25	    -27.770	    -25.527
  1.25	 1.50	    -27.251	    -25.528
  1.25	 1.75	    -26.803	    -25.529
  1.25	 2.00	    -26.327	    -25.531
  1.25	 2.25	    -25.815	    -25.532
  1.25	 2.50	    -25.428	    -25.535
  1.25	 2.75	    -25.180	    -25.537
  1.25	 3.00	    -25.013	    -25.540
  1.25	 3.25	    -24.882	    -25.544
  1.25	 3.50	    -24.724	    -25.549
  1.25	 3.75	    -24.461	    -25.554
  1.25	 4.00	    -23.832	    -25.558
  1.25	 4.25	    -21.807	    -26.044
  1.25	 4.50	    -21.955	    -26.773
  1.25	 4.75	    -21.634	    -26.848
  1.25	 5.00	    -21.276	    -26.566
  1.50	 1.00	    -28.363	    -25.776
  1.50	 1.25	    -27.811	    -25.776
  1.50	 1.50	    -27.339	    -25.777
  1.50	 1.75	    -26.936	    -25.777
  1.50	 2.00	    -26.480	    -25.778
  1.50	 2.25	    -25.962	    -25.780
  1.50	 2.50	    -25.566	    -25.781
  1.50	 2.75	    -25.310	    -25.783
  1.50	 3.00	    -25.138	    -25.785
  1.50	 3.25	    -25.002	    -25.788
  1.50	 3.50	    -24.841	    -25.791
  1.50	 3.75	    -24.576	    -25.794
  1.50	 4.00	    -23.943	    -25.795
  1.50	 4.25	    -21.806	    -26.279
  1.50	 4.50	    -21.955	    -27.010
  1.50	 4.75	    -21.634	    -27.058
  1.50	 5.00	    -21.276	    -26.661
  1.75	 1.00	    -28.395	    -26.025
  1.75	 1.25	    -27.854	    -26.025
  1.75	 1.50	    -27.417	    -26.026
  1.75	 1.75	    -27.054	    -26.026
  1.75	 2.00	    -26.623	    -26.027
  1.75	 2.25	    -26.105	    -26.028
  1.75	 2.50	    -25.702	    -26.029
  1.75	 2.75	    -25.438	    -26.030
  1.75	 3.00	    -25.260	    -26.032
  1.75	 3.25	    -25.119	    -26.033
  1.75	 3.50	    -24.955	    -26.035
  1.75	 3.75	    -24.690	    -26.036
  1.75	 4.00	    -24.056	    -26.034
  1.75	 4.25	    -21.806	    -26.505
  1.75	 4.50	    -21.955	    -27.237
  1.75	 4.75	    -21.634	    -27.245
  1.75	 5.00	    -21.276	    -26.724
  2.00	 1.00	    -28.440	    -26.274
  2.00	 1.25	    -27.908	    -26.275
  2.00	 1.50	    -27.498	    -26.275
  2.00	 1.75	    -27.168	    -26.275
  2.00	 2.00	    -26.760	    -26.276
  2.00	 2.25	    -26.246	    -26.276
  2.00	 2.50	    -25.835	    -26.277
  2.00	 2.75	    -25.563	    -26.278
  2.00	 3.00	    -25.377	    -26.279
  2.00	 3.25	    -25.230	    -26.280
  2.00	 3.50	    -25.065	    -26.280
  2.00	 3.75	    -24.801	    -26.280
  2.00	 4.00	    -24.169	    -26.276
  2.00	 4.25	    -21.806	    -26.717
  2.00	 4.50	    -21.955	    -27.448
  2.00	 4.75	    -21.634	    -27.402
  2.00	 5.00	    -21.277	    -26.764
  2.25	 1.00	    -28.506	    -26.524
  2.25	 1.25	    -27.982	    -26.524
  2.25	 1.50	    -27.592	    -26.524
  2.25	 1.75	    -27.285	    -26.525
  2.25	 2.00	    -26.894	    -26.525
  2.25	 2.25	    -26.384	    -26.525
  2.25	 2.50	    -25.967	    -26.526
  2.25	 2.75	    -25.685	    -26.527
  2.25	 3.00	    -25.490	    -26.527
  2.25	 3.25	    -25.336	    -26.527
  2.25	 3.50	    -25.170	    -26.527
  2.25	 3.75	    -24.910	    -26.526
  2.25	 4.00	    -24.282	    -26.519
  2.25	 4.25	    -21.806	    -26.907
  2.25	 4.50	    -21.956	    -27.632
  2.25	 4.75	    -21.634	    -27.525
  2.25	 5.00	    -21.277	    -26.788
  2.50	 1.00	    -28.600	    -26.774
  2.50	 1.25	    -28.084	    -26.774
  2.50	 1.50	    -27.706	    -26.774
  2.50	 1.75	    -27.409	    -26.774
  2.50	 2.00	    -27.024	    -26.774
  2.50	 2.25	    -26.517	    -26.775
  2.50	 2.50	    -26.096	    -26.775
  2.50	 2.75	    -25.804	    -26.775
  2.50	 3.00	    -25.598	    -26.776
  2.50	 3.25	    -25.435	    -26.775
  2.50	 3.50	    -25.270	    -26.774
  2.50	 3.75	    -25.014	    -26.772
  2.50	 4.00	    -24.394	    -26.763
  2.50	 4.25	    -21.807	    -27.069
  2.50	 4.50	    -21.957	    -27.776
  2.50	 4.75	    -21.635	    -27.614
  2.50	 5.00	    -21.277	    -26.801
  2.75	 1.00	    -28.729	    -27.024
  2.75	 1.25	    -28.216	    -27.024
  2.75	 1.50	    -27.842	    -27.024
  2.75	 1.75	    -27.542	    -27.024
  2.75	 2.00	    -27.148	    -27.024
  2.75	 2.25	    -26.641	    -27.024
  2.75	 2.50	    -26.220	    -27.024
  2.75	 2.75	    -25.919	    -27.025
  2.75	 3.00	    -25.700	    -27.025
  2.75	 3.25	    -25.529	    -27.024
  2.75	 3.50	    -25.364	    -27.022
  2.75	 3.75	    -25.113	    -27.020
  2.75	 4.00	    -24.505	    -27.008
  2.75	 4.25	    -21.807	    -27.198
  2.75	 4.50	    -21.960	    -27.882
  2.75	 4.75	    -21.636	    -27.676
  2.75	 5.00	    -21.278	    -26.808
  3.00	 1.00	    -28.891	    -27.274
  3.00	 1.25	    -28.378	    -27.274
  3.00	 1.50	    -27.998	    -27.274
  3.00	 1.75	    -27.677	    -27.274
  3.00	 2.00	    -27.259	    -27.274
  3.00	 2.25	    -26.751	    -27.274
  3.00	 2.50	    -26.332	    -27.274
  3.00	 2.75	    -26.029	    -27.274
  3.00	 3.00	    -25.799	    -27.274
  3.00	 3.25	    -25.618	    -27.273
  3.00	 3.50	    -25.452	    -27.271
  3.00	 3.75	    -25.208	    -27.268
  3.00	 4.00	    -24.615	    -27.254
  3.00	 4.25	    -21.808	    -27.293
  3.00	 4.50	    -21.963	    -27.957
  3.00	 4.75	    -21.637	    -27.717
  3.00	 5.00	    -21.278	    -26.811
  3.25	 1.00	    -29.081	    -27.524
  3.25	 1.25	    -28.565	    -27.524
  3.25	 1.50	    -28.166	    -27.524
  3.25	 1.75	    -27.806	    -27.523
  3.25	 2.00	    -27.355	    -27.524
  3.25	 2.25	    -26.845	    -27.524
  3.25	 2.50	    -26.431	    -27.524
  3.25	 2.75	    -26.129	    -27.524
  3.25	 3.00	    -25.894	    -27.524
  3.25	 3.25	    -25.703	    -27.523
  3.25	 3.50	    -25.536	    -27.521
  3.25	 3.75	    -25.299	    -27.518
  3.25	 4.00	    -24.723	    -27.499
  3.25	 4.25	    -21.809	    -27.357
  3.25	 4.50	    -21.968	    -28.003
  3.25	 4.75	    -21.638	    -27.433
  3.25	 5.00	    -21.279	    -26.804
  3.50	 1.00	    -29.293	    -27.774
  3.50	 1.25	    -28.769	    -27.774
  3.50	 1.50	    -28.336	    -27.774
  3.50	 1.75	    -27.923	    -27.773
  3.50	 2.00	    -27.434	    -27.773
  3.50	 2.25	    -26.922	    -27.774
  3.50	 2.50	    -26.515	    -27.774
  3.50	 2.75	    -26.218	    -27.774
  3.50	 3.00	    -25.983	    -27.774
  3.50	 3.25	    -25.786	    -27.773
  3.50	 3.50	    -25.616	    -27.771
  3.50	 3.75	    -25.389	    -27.768
  3.50	 4.00	    -24.829	    -27.744
  3.50	 4.25	    -21.810	    -27.399
  3.50	 4.50	    -21.974	    -27.227
  3.50	 4.75	    -21.640	    -27.250
  3.50	 5.00	    -21.279	    -26.800
  3.75	 1.00	    -29.519	    -28.024
  3.75	 1.25	    -28.983	    -28.024
  3.75	 1.50	    -28.502	    -28.024
  3.75	 1.75	    -28.029	    -28.023
  3.75	 2.00	    -27.504	    -28.023
  3.75	 2.25	    -26.989	    -28.023
  3.75	 2.50	    -26.588	    -28.024
  3.75	 2.75	    -26.297	    -28.024
  3.75	 3.00	    -26.066	    -28.024
  3.75	 3.25	    -25.868	    -28.023
  3.75	 3.50	    -25.694	    -28.022
  3.75	 3.75	    -25.480	    -28.018
  3.75	 4.00	    -24.935	    -27.987
  3.75	 4.25	    -21.812	    -27.425
  3.75	 4.50	    -21.981	    -26.938
  3.75	 4.75	    -21.642	    -27.179
  3.75	 5.00	    -21.280	    -26.796
  4.00	 1.00	    -29.755	    -28.274
  4.00	 1.25	    -29.203	    -28.274
  4.00	 1.50	    -28.662	    -28.274
  4.00	 1.75	    -28.131	    -28.274
  4.00	 2.00	    -27.571	    -28.274
  4.00	 2.25	    -27.050	    -28.274
  4.00	 2.50	    -26.654	    -28.274
  4.00	 2.75	    -26.369	    -28.274
  4.00	 3.00	    -26.145	    -28.274
  4.00	 3.25	    -25.947	    -28.272
  4.00	 3.50	    -25.764	    -28.271
  4.00	 3.75	    -25.574	    -28.267
  4.00	 4.00	    -25.042	    -28.228
  4.00	 4.25	    -21.814	    -27.442
  4.00	 4.50	    -21.989	    -26.834
  4.00	 4.75	    -21.644	    -27.149
  4.00	 5.00	    -21.280	    -26.793
