1.428571428571428492e-01
1.515151515151515194e-01
1.601731601731601617e-01
1.688311688311688319e-01
1.774891774891774743e-01
1.861471861471861444e-01
1.948051948051948146e-01
2.034632034632034570e-01
2.121212121212120993e-01
2.207792207792207695e-01
2.294372294372294396e-01
2.380952380952380820e-01
2.467532467532467522e-01
2.554112554112554223e-01
2.640692640692640647e-01
2.727272727272727071e-01
2.813852813852814050e-01
2.900432900432900474e-01
2.987012987012986898e-01
3.073593073593073877e-01
3.160173160173159745e-01
3.246753246753246724e-01
3.333333333333333148e-01
3.419913419913419572e-01
3.506493506493506551e-01
3.593073593073592975e-01
3.679653679653679399e-01
3.766233766233766378e-01
3.852813852813852802e-01
3.939393939393939226e-01
4.025974025974025650e-01
4.112554112554112629e-01
4.199134199134199052e-01
4.285714285714285476e-01
4.372294372294372455e-01
4.458874458874458879e-01
4.545454545454545303e-01
4.632034632034631727e-01
4.718614718614718706e-01
4.805194805194805130e-01
4.891774891774891554e-01
4.978354978354978533e-01
5.064935064935065512e-01
5.151515151515151381e-01
5.238095238095237249e-01
5.324675324675325339e-01
5.411255411255411207e-01
5.497835497835497076e-01
5.584415584415585165e-01
5.670995670995671034e-01
5.757575757575756903e-01
5.844155844155843882e-01
5.930735930735930861e-01
6.017316017316016730e-01
6.103896103896103709e-01
6.190476190476190688e-01
6.277056277056276556e-01
6.363636363636363535e-01
6.450216450216450514e-01
6.536796536796536383e-01
6.623376623376622252e-01
6.709956709956710341e-01
6.796536796536796210e-01
6.883116883116882079e-01
6.969696969696970168e-01
7.056277056277056037e-01
7.142857142857141906e-01
7.229437229437229995e-01
7.316017316017315864e-01
7.402597402597401732e-01
7.489177489177489822e-01
7.575757575757575690e-01
7.662337662337661559e-01
7.748917748917749648e-01
7.835497835497835517e-01
7.922077922077921386e-01
8.008658008658009475e-01
8.095238095238095344e-01
8.181818181818181213e-01
8.268398268398269302e-01
8.354978354978355171e-01
8.441558441558441039e-01
8.528138528138529129e-01
8.614718614718614997e-01
8.701298701298700866e-01
8.787878787878786735e-01
8.874458874458874824e-01
8.961038961038960693e-01
9.047619047619046562e-01
9.134199134199134651e-01
9.220779220779220520e-01
9.307359307359306388e-01
9.393939393939394478e-01
9.480519480519480346e-01
9.567099567099566215e-01
9.653679653679654304e-01
#9.740259740259740173e-01
#9.826839826839826042e-01
#9.913419913419914131e-01
#1.000000000000000000e+00
