9.900990099009998255e-03
1.066323635887272622e-02
1.434599505377466902e-02
1.930066739974244105e-02
2.596653483881515220e-02
3.493459584245595106e-02
4.699996944623161671e-02
6.323241148546855650e-02
8.507122232430397446e-02
1.144530739308754624e-01
1.539844093242278833e-01
2.058015116084972451e-01
2.562927157792500021e-01
2.988521231445678827e-01
3.382757901360390895e-01
3.831865546377934417e-01
4.263667725079840487e-01
4.645262497573320326e-01
5.018778474499480113e-01
5.405383652146769080e-01
5.802460165075616905e-01
6.189960569739623164e-01
6.589606463727016861e-01
7.011565412495384120e-01
7.466713752466058729e-01
7.938310133229861121e-01
8.403817764237728749e-01
8.894948332837371296e-01
9.409687395318923064e-01
9.964945956021735718e-01
1.000000000000000444e+00
