4.761904761904761640e-02
8.115145691793196336e-02
1.087123634428597829e-01
1.331217970310945575e-01
1.554628943626273629e-01
1.762977807768927041e-01
1.959656505624800815e-01
2.146909153296335526e-01
2.326320391022124456e-01
2.499059208143319388e-01
2.666019906142129137e-01
2.827905967169503376e-01
2.985280476159803964e-01
3.138610035529318942e-01
3.288284268152391054e-01
3.434622889408602275e-01
3.577907360094644273e-01
3.718381408304818891e-01
3.856246704864726982e-01
3.991689924720563942e-01
4.124872810470597839e-01
4.255939099210654941e-01
4.385017256103636574e-01
4.512227145377994963e-01
4.637664164855729299e-01
4.761427071136630773e-01
4.883601813415022752e-01
5.004266904022451889e-01
5.123494304638692709e-01
5.241350180246876489e-01
5.357895544030889523e-01
5.473186811998926871e-01
5.587276282402554584e-01
5.700212552129297894e-01
5.812046609620498128e-01
5.922809347883624120e-01
6.032545881518853736e-01
6.141293215988684606e-01
6.249086083266911507e-01
6.355957135801434399e-01
6.461937223743662306e-01
6.567055240185950549e-01
6.671338566239949364e-01
6.774813098411023304e-01
6.877503359042251851e-01
6.979433311979388321e-01
7.080622886050694786e-01
7.181095196589637464e-01
7.280870542100102982e-01
7.379964748636016481e-01
7.478399107657056621e-01
7.576190938794157281e-01
7.673353679577148423e-01
7.769905781623354102e-01
7.865861856349025683e-01
7.961236860096032597e-01
8.056042551190933931e-01
8.150294324526723422e-01
8.244005370204549044e-01
8.337184978688826353e-01
8.429846992463386757e-01
8.522002933294328120e-01
8.613663204464490075e-01
8.704839408805219447e-01
8.795538906382227573e-01
8.885773496554676409e-01
8.975552536650617252e-01
9.064884783156230696e-01
9.153778951363306104e-01
9.242244783609007142e-01
9.330287544740144545e-01
9.417916843298607121e-01
9.505140719789499926e-01
9.591966343682680751e-01
9.678400759089713645e-01
9.764450922295625501e-01
9.850123576395491964e-01
9.935425203641043979e-01
1.000000000000000000e+00