9.900989942252639425e-03
1.097065451966799943e-02
1.215586534628699915e-02
1.492417596965560193e-02
2.030251110359599861e-02
2.761900154445340316e-02
3.675648853092180340e-02
4.898278101138620055e-02
6.418014291938839433e-02
8.531006567579750566e-02
1.150799027959970022e-01
1.554313001406099903e-01
2.071814566799959900e-01
2.676038812158760272e-01
3.193073598639100119e-01
3.688820527776699998e-01
4.175511071688330356e-01
4.701537106961040102e-01
5.215104475327689837e-01
5.749240234103980551e-01
6.249564929596359564e-01
6.739872240758350008e-01
7.193588088532909541e-01
7.675532707952029687e-01
8.159507591833430329e-01
8.602435929142919768e-01
9.082118521120430277e-01
9.593530389587998641e-01
1.000093864621460105e+00
