9.900990099009901110e-03
1.148416557808557177e-02
1.545044840321795586e-02
2.078656565980372892e-02
2.796561806323973054e-02
3.762410412426647061e-02
5.061836033457939310e-02
6.810051036065989383e-02
9.162069872298383988e-02
1.232648185026402332e-01
1.658403339871256654e-01
2.211123700034991757e-01
2.746919657583734020e-01
3.223935984831983181e-01
3.696290381083484622e-01
4.154235047802250502e-01
4.657549097612851963e-01
5.141668480295975563e-01
5.640208264741215505e-01
6.117724798092550875e-01
6.585463146493772957e-01
7.029777856136988357e-01
7.464636911335433833e-01
7.928503860504845235e-01
8.386085989112797012e-01
8.817624862447288603e-01
9.268526807565647951e-01
9.763632385063069075e-01
1.000000000000000000e+00
