9.900990099009901110e-03
1.148416557808557177e-02
1.332049199682965902e-02
1.545044840321795586e-02
1.792098650159394332e-02
2.078656565980372892e-02
2.411035343771021633e-02
2.796561806323973054e-02
3.243734368841250798e-02
3.762410412426647061e-02
4.364023607704509838e-02
5.061836033457939310e-02
5.871230681563009007e-02
6.810051036065989383e-02
7.812193295576282115e-02
8.810926279560624130e-02
9.804631924642231988e-02
1.079215787409621152e-01
1.177313456948497344e-01
1.272501041041768366e-01
1.359904619146151128e-01
1.440530139664925602e-01
1.514078215025088103e-01
1.583154398853905964e-01
1.650016828572232197e-01
1.716012152966490123e-01
1.781538169390164683e-01
1.845551401937839120e-01
1.905539166155950370e-01
1.964852228330241368e-01
2.023697430590960522e-01
2.080141020217019521e-01
2.137888831236389175e-01
2.196250486701694093e-01
2.254978331119019963e-01
2.313002420671880499e-01
2.371249447549461098e-01
2.431665392323028307e-01
2.492854346551788003e-01
2.552075582068280002e-01
2.610044498384878620e-01
2.666621339768291965e-01
2.722289053403096348e-01
2.775853844282853977e-01
2.829487821009979420e-01
2.882864974770334432e-01
2.936315594978365362e-01
2.990502948754963364e-01
3.044758850226311209e-01
3.098792519258604661e-01
3.152471220088182147e-01
3.206816959812787138e-01
3.261238140197883495e-01
3.316190668669560249e-01
3.370795116883840703e-01
3.424776929279179094e-01
3.477627775733583282e-01
3.529536897778349780e-01
3.581826496470895682e-01
3.633992049282326331e-01
3.687098604410029568e-01
3.741343190449029632e-01
3.796394008294413647e-01
3.852421863522662582e-01
3.909339099165222153e-01
3.966885626230724493e-01
4.024899263031607166e-01
4.083039190549543340e-01
4.141521114756558375e-01
4.199763572447833271e-01
4.257110222683125889e-01
4.313559607149597408e-01
4.370018419286138545e-01
4.426239508686492519e-01
4.482978414345799023e-01
4.539033411021695108e-01
4.594809255596515318e-01
4.650455131529511732e-01
4.706514100373421217e-01
4.762993120788887036e-01
4.819754334050112554e-01
4.876477612386301841e-01
4.933173056037309934e-01
4.990404954756007538e-01
5.047690878673386505e-01
5.104309992221884862e-01
5.161134775606135427e-01
5.218183240320700689e-01
5.275588721595566577e-01
5.333325758747283762e-01
5.390736799872268836e-01
5.448143331211909857e-01
5.505225052762428017e-01
5.562060095065114451e-01
5.618911759847966536e-01
5.676177420307051413e-01
5.734188922890663953e-01
5.793160449119132416e-01
5.852317777431823576e-01
5.911564542476938078e-01
5.971800393439056220e-01
6.033175623709826629e-01
6.095838852446401335e-01
6.158697601403236854e-01
6.222164962694332058e-01
6.286419137842945704e-01
6.350814226652912176e-01
6.415210620863855961e-01
6.479560026954750418e-01
6.543518089452062814e-01
6.607049349738068900e-01
6.670468030055652919e-01
6.734629757746818379e-01
6.798382343669152617e-01
6.862357829552994115e-01
6.925703155720591697e-01
6.989237320597805336e-01
7.052740222392099856e-01
7.115770975650420604e-01
7.179633805161366178e-01
7.244629112519399561e-01
7.309811412326367996e-01
7.375326434511308982e-01
7.442095323404654961e-01
7.509621272489646060e-01
7.577410785794705950e-01
7.645682475368941189e-01
7.713977852696245474e-01
7.783067908761387432e-01
7.852003456145286719e-01
7.921733190093301902e-01
7.992640145541348717e-01
8.063835757059520937e-01
8.134334710675864555e-01
8.204298042336223284e-01
8.273465032063076485e-01
8.342235172344999450e-01
8.409472855978067374e-01
8.475817120151906137e-01
8.542187740691304931e-01
8.608377659365779033e-01
8.674975666045819933e-01
8.741996623647553255e-01
8.809892292579064588e-01
8.878684935261325073e-01
8.948593903252001214e-01
9.020602872336748179e-01
9.094448213700702111e-01
9.169355354671798741e-01
9.246526986508801782e-01
9.326309571604098902e-01
9.408359476308146840e-01
9.492468219153734621e-01
9.578135124143375423e-01
9.665725979605435114e-01
9.754907623900329616e-01
9.845968148781581997e-01
9.939177620513045541e-01
1.000000000000000000e+00
