9.900989942252639425e-03
1.097065451966799943e-02
1.215586534628699915e-02
1.456948400596009933e-02
1.942768760908529860e-02
2.674185564237499535e-02
3.533273967502000013e-02
4.757265753103100125e-02
6.339698182183829689e-02
8.515375015878019760e-02
1.149521217262689937e-01
1.548999910267939983e-01
2.076092014379480044e-01
2.682660183743180160e-01
3.191725178133539842e-01
3.688176776619440100e-01
4.171607440839269487e-01
4.702048517686879259e-01
5.212458673993539682e-01
5.742347267826519719e-01
6.249785839191269732e-01
6.735412289000489716e-01
7.183420415361060352e-01
7.664159465570590246e-01
8.145829055264539598e-01
8.602415624222909951e-01
9.072778109011410130e-01
9.578467190029690270e-01
1.000862429098140050e+00
