9.900990099009901110e-03
1.066323635865441301e-02
1.434599505138956302e-02
1.930066738961373762e-02
2.596653480283052026e-02
3.493459571967132832e-02
4.699996904018260285e-02
6.323241014339449351e-02
8.507121792880752154e-02
1.144530595323743488e-01
1.539843623334107570e-01
2.051624423459896540e-01
2.511806728853189230e-01
2.894772400415073221e-01
3.280672497289271461e-01
3.697222611060054231e-01
4.062848863138515121e-01
4.398721791493428457e-01
4.758674760180982011e-01
5.122425853107408500e-01
5.471249157968007815e-01
5.829332545691605638e-01
6.193829320331195598e-01
6.577702926502213554e-01
6.975555366431602788e-01
7.371681135136908258e-01
7.799316470419870306e-01
8.241414974189639198e-01
8.712342111793648369e-01
9.186516144702598918e-01
9.681497058871715300e-01
1.000000000000000000e+00
