9.900990099009901110e-03
1.093414191804346902e-02
1.796036317644343627e-02
2.950159922108551089e-02
4.845919165758927338e-02
7.959897707151417090e-02
1.258016728062472667e-01
1.619967275679962404e-01
1.927083805994806998e-01
2.206364842339944843e-01
2.497688609057601428e-01
2.770781334734284673e-01
3.033457448861106021e-01
3.298184687281749961e-01
3.555958476312576777e-01
3.818416164633990917e-01
4.098865731495532905e-01
4.377086783866974140e-01
4.647988640003260508e-01
4.921729365826063018e-01
5.199876663541668220e-01
5.481687454491046552e-01
5.763251716744373088e-01
6.057599351235966045e-01
6.369467507823973751e-01
6.686432500988978012e-01
6.994249995036476708e-01
7.309148391764546115e-01
7.635772247470997698e-01
7.976047397066045042e-01
8.317483019164803038e-01
8.642834164918624662e-01
8.977311521978645903e-01
9.356013713531075027e-01
9.778756654740338172e-01
1.000000000000000000e+00
