9.900990099009901110e-03
1.066323635887272622e-02
1.434599505377466902e-02
1.930066739974244105e-02
2.596653483881515220e-02
3.493459584245595106e-02
4.699996944623161671e-02
6.323241148546855650e-02
8.507122232430397446e-02
1.144530739308754624e-01
1.539844093242278833e-01
2.055666650798996242e-01
2.558595761516798683e-01
2.982720255231631756e-01
3.370861086767998893e-01
3.811696697810288970e-01
4.241824718541035710e-01
4.623489835833977657e-01
4.993858524036248192e-01
5.377075299180247292e-01
5.774341995228050584e-01
6.157898375910512145e-01
6.552767657702672777e-01
6.968770647138052832e-01
7.417440853594338135e-01
7.888143587637846954e-01
8.350252179786992190e-01
8.831325648685853791e-01
9.336504878024514120e-01
9.884074348595188741e-01
1.000000000000000444e+00