7.692307692307692735e-02
8.032128514056224855e-02
8.403361344537814415e-02
8.810572687224668686e-02
9.259259259259258745e-02
9.756097560975610095e-02
1.030927835051546476e-01
1.092896174863387942e-01
1.162790697674418589e-01
1.242236024844720343e-01
1.333333333333333315e-01
1.351351351351351149e-01
1.369863013698630061e-01
1.388888888888888951e-01
1.408450704225351902e-01
1.428571428571428492e-01
1.449275362318840632e-01
1.470588235294117418e-01
1.492537313432835688e-01
1.515151515151514916e-01
1.538461538461538547e-01
1.562500000000000000e-01
1.587301587301587213e-01
1.612903225806451568e-01
1.639344262295082122e-01
1.666666666666666574e-01
1.694915254237288060e-01
1.724137931034482873e-01
1.754385964912280604e-01
1.785714285714285754e-01
1.818181818181818232e-01
1.851851851851851749e-01
1.886792452830188538e-01
1.923076923076922906e-01
1.960784313725489891e-01
2.000000000000000111e-01
2.040816326530612013e-01
2.083333333333333148e-01
2.127659574468085124e-01
2.173913043478260532e-01
2.222222222222222099e-01
2.272727272727272652e-01
2.325581395348836899e-01
2.380952380952380820e-01
2.439024390243902662e-01
2.500000000000000000e-01
2.564102564102564430e-01
2.631578947368420907e-01
2.702702702702702298e-01
2.777777777777777901e-01
2.857142857142856984e-01
2.941176470588235392e-01
3.030303030303030387e-01
3.125000000000000000e-01
3.225806451612903136e-01
3.333333333333333148e-01
