9.900990099009901110e-03
1.487636200806010181e-02
1.985173391711030425e-02
2.482710582616050321e-02
2.980247773521070564e-02
3.477784964426090808e-02
3.975322155331111051e-02
4.472859346236131295e-02
4.970396537141151538e-02
5.467933728046171782e-02
5.965470918951192025e-02
6.463008109856212269e-02
6.960545300761231124e-02
7.458082491666251368e-02
7.955619682571271611e-02
8.453156873476291855e-02
8.950694064381312098e-02
9.448231255286332342e-02
9.945768446191352585e-02
1.044330563709637283e-01
1.094084282800139307e-01
1.143838001890641332e-01
1.193591720981143356e-01
1.243345440071645380e-01
1.293099159162147405e-01
1.342852878252649429e-01
1.392606597343151453e-01
1.442360316433653478e-01
1.492114035524155502e-01
1.541867754614657526e-01
1.591621473705159551e-01
1.641375192795661575e-01
1.691128911886163599e-01
1.740882630976665624e-01
1.790636350067167648e-01
1.840390069157669672e-01
1.890143788248171697e-01
1.939897507338673721e-01
1.989651226429175745e-01
2.039404945519677770e-01
2.089158664610179794e-01
2.138912383700681819e-01
2.188666102791183843e-01
2.238419821881685867e-01
2.288173540972187892e-01
2.337927260062689916e-01
2.387680979153191940e-01
2.437434698243693965e-01
2.487188417334195711e-01
2.536942136424697458e-01
2.586695855515199760e-01
2.636449574605702062e-01
2.686203293696203809e-01
2.735957012786706111e-01
2.785710731877207857e-01
2.835464450967710159e-01
2.885218170058211906e-01
2.934971889148714208e-01
2.984725608239215955e-01
3.034479327329718257e-01
3.084233046420220004e-01
3.133986765510722305e-01
3.183740484601224052e-01
3.233494203691726354e-01
3.283247922782228101e-01
3.333001641872729848e-01
3.382755360963232150e-01
3.432509080053733896e-01
3.482262799144236198e-01
3.532016518234737945e-01
3.581770237325240247e-01
3.631523956415741994e-01
3.681277675506244296e-01
3.731031394596746043e-01
3.780785113687248344e-01
3.830538832777750091e-01
3.880292551868252393e-01
3.930046270958754140e-01
3.979799990049256442e-01
4.029553709139758189e-01
4.079307428230260490e-01
4.129061147320762237e-01
4.178814866411264539e-01
4.228568585501766286e-01
4.278322304592268588e-01
4.328076023682770335e-01
4.377829742773272637e-01
4.427583461863774383e-01
4.477337180954276685e-01
4.527090900044778432e-01
4.576844619135280734e-01
4.626598338225782481e-01
4.676352057316284783e-01
4.726105776406786529e-01
4.775859495497288831e-01
4.825613214587790578e-01
4.875366933678292325e-01
4.925120652768794627e-01
4.974874371859296374e-01
5.024628090949798676e-01
5.074381810040300422e-01
5.124135529130802169e-01
5.173889248221305026e-01
5.223642967311806773e-01
5.273396686402308520e-01
5.323150405492810266e-01
5.372904124583313124e-01
5.422657843673814870e-01
5.472411562764316617e-01
5.522165281854818364e-01
5.571919000945321221e-01
5.621672720035822968e-01
5.671426439126324714e-01
5.721180158216826461e-01
5.770933877307329318e-01
5.820687596397831065e-01
5.870441315488332812e-01
5.920195034578834559e-01
5.969948753669337416e-01
6.019702472759839162e-01
6.069456191850340909e-01
6.119209910940842656e-01
6.168963630031345513e-01
6.218717349121847260e-01
6.268471068212349007e-01
6.318224787302850753e-01
6.367978506393353610e-01
6.417732225483855357e-01
6.467485944574357104e-01
6.517239663664858851e-01
6.566993382755360598e-01
6.616747101845863455e-01
6.666500820936365201e-01
6.716254540026866948e-01
6.766008259117368695e-01
6.815761978207871552e-01
6.865515697298373299e-01
6.915269416388875046e-01
6.965023135479376792e-01
7.014776854569879649e-01
7.064530573660381396e-01
7.114284292750883143e-01
7.164038011841384890e-01
7.213791730931887747e-01
7.263545450022389494e-01
7.313299169112891240e-01
7.363052888203392987e-01
7.412806607293895844e-01
7.462560326384397591e-01
7.512314045474899338e-01
7.562067764565401085e-01
7.611821483655903942e-01
7.661575202746405688e-01
7.711328921836907435e-01
7.761082640927409182e-01
7.810836360017912039e-01
7.860590079108413786e-01
7.910343798198915533e-01
7.960097517289417279e-01
8.009851236379920136e-01
8.059604955470421883e-01
8.109358674560923630e-01
8.159112393651425377e-01
8.208866112741927124e-01
8.258619831832429981e-01
8.308373550922931727e-01
8.358127270013433474e-01
8.407880989103935221e-01
8.457634708194438078e-01
8.507388427284939825e-01
8.557142146375441571e-01
8.606895865465943318e-01
8.656649584556446175e-01
8.706403303646947922e-01
8.756157022737449669e-01
8.805910741827951416e-01
8.855664460918454273e-01
8.905418180008956019e-01
8.955171899099457766e-01
9.004925618189959513e-01
9.054679337280462370e-01
9.104433056370964117e-01
9.154186775461465864e-01
9.203940494551967610e-01
9.253694213642470467e-01
9.303447932732972214e-01
9.353201651823473961e-01
9.402955370913975708e-01
9.452709090004478565e-01
9.502462809094980312e-01
9.552216528185482058e-01
9.601970247275983805e-01
9.651723966366485552e-01
9.701477685456988409e-01
9.751231404547490156e-01
9.800985123637991903e-01
9.850738842728493649e-01
9.900492561818996506e-01
9.950246280909498253e-01
1.000000000000000000e+00
