9.900990099009901110e-03
1.367279585101367247e-02
1.744460160301744556e-02
2.121640735502121344e-02
2.498821310702498827e-02
2.876001885902875616e-02
3.253182461103253098e-02
3.630363036303629887e-02
4.007543611504007369e-02
4.384724186704384158e-02
4.761904761904761640e-02
4.910714285714285615e-02
5.059523809523809590e-02
5.208333333333332871e-02
5.357142857142856845e-02
5.505952380952380820e-02
5.654761904761904795e-02
5.803571428571428770e-02
5.952380952380952051e-02
6.101190476190476025e-02
6.250000000000000000e-02
6.534090909090908839e-02
6.818181818181817677e-02
7.102272727272726516e-02
7.386363636363636742e-02
7.670454545454545581e-02
7.954545454545454419e-02
8.238636363636363258e-02
8.522727272727273484e-02
8.806818181818182323e-02
9.090909090909091161e-02
9.848484848484848064e-02
1.060606060606060635e-01
1.136363636363636326e-01
1.212121212121212155e-01
1.287878787878787845e-01
1.363636363636363535e-01
1.439393939393939226e-01
1.515151515151514916e-01
1.590909090909090606e-01
1.666666666666666574e-01
2.000000000000000111e-01
2.333333333333333370e-01
2.666666666666666630e-01
3.000000000000000444e-01
3.333333333333333703e-01
3.666666666666666963e-01
4.000000000000000222e-01
4.333333333333333481e-01
4.666666666666666741e-01
5.000000000000000000e-01
5.555555555555555802e-01
6.111111111111111605e-01
6.666666666666666297e-01
7.222222222222222099e-01
7.777777777777777901e-01
8.333333333333332593e-01
8.888888888888888395e-01
9.444444444444444198e-01
1.000000000000000000e+00
