9.900990099009901110e-03
1.148416557808557177e-02
1.545044840321795586e-02
2.078656565980372892e-02
2.796561806323973054e-02
3.762410412426647061e-02
5.061836033457939310e-02
6.810051036065989383e-02
9.162069872298383988e-02
1.232648185026402332e-01
1.658403339871256654e-01
2.212251461801162666e-01
2.754777539592725422e-01
3.236299350509073136e-01
3.709894519077063801e-01
4.175426042417049177e-01
4.678156776493975211e-01
5.156339714398779916e-01
5.657144194598506814e-01
6.126617775636254981e-01
6.585690256360285932e-01
7.005483443833522283e-01
7.444536027337279593e-01
7.908568294125808418e-01
8.348476910195848921e-01
8.775158586551792261e-01
9.229814990657786433e-01
9.733098823472136063e-01
1.000000000000000000e+00
