9.900989942252639425e-03
1.097065451966799943e-02
1.215586534628699915e-02
1.492417596965560193e-02
2.030251110359599861e-02
2.761900154445340316e-02
3.757213956037860209e-02
5.111252996934260301e-02
6.879293027555639928e-02
8.685364243441449916e-02
1.165332033891199881e-01
1.539981424895499884e-01
2.102531241312249888e-01
2.677559119467550208e-01
3.209867823227530170e-01
3.715282284991600070e-01
4.190232951448449872e-01
4.712479613364379816e-01
5.229398238154709944e-01
5.742809551122319833e-01
6.262393494265640070e-01
6.734296845251329655e-01
7.197801589454759785e-01
7.669271385460090240e-01
8.163707383394930295e-01
8.633617846042750399e-01
9.068150040158331482e-01
9.614103722854958622e-01
1.001702255155479948e+00
