9.900990099009899376e-03
1.040585074550109956e-02
1.093645469746679956e-02
1.149411462823709922e-02
1.208021014519419963e-02
1.269619120271769930e-02
1.334358168914159988e-02
1.402398319659010212e-02
1.473907898301470010e-02
1.549063813622410246e-02
1.628051995020270148e-02
1.711067852453020122e-02
1.798316759827070163e-02
1.890014563027059974e-02
1.986388113841600078e-02
2.087664491300500122e-02
2.194047574740309869e-02
2.305790018241829845e-02
2.423161722893439965e-02
2.546446159691450120e-02
2.675941056707470053e-02
2.811959131075859875e-02
2.954828825978399534e-02
3.104895116944770064e-02
3.262520120799099893e-02
3.428084285201869752e-02
3.601987402625739937e-02
3.784649375772410063e-02
3.976511235614840073e-02
4.178036220453749949e-02
4.389710919007269729e-02
4.612046423341489843e-02
4.845579541175799865e-02
5.090874118521750147e-02
5.348522376809859702e-02
5.619146382064389711e-02
5.903399519496319026e-02
6.201968028862169663e-02
6.515572753674120365e-02
6.844970789281039358e-02
7.190957324834580666e-02
7.554367565218010616e-02
7.936078836453309970e-02
8.337012668021849537e-02
8.758137061614830465e-02
9.200468185568730362e-02
9.665073414895060389e-02
1.015198097358809975e-01
1.064329229209129979e-01
1.113288202063899973e-01
1.162075475274459979e-01
1.210154938027979965e-01
1.255373860086730076e-01
1.298102750666489946e-01
1.339283217617570076e-01
1.379512932311310058e-01
1.417836144092569917e-01
1.454158082935090024e-01
1.489154249944769914e-01
1.522691595935539988e-01
1.555659230529559955e-01
1.588057309404810047e-01
1.620003662499379937e-01
1.651796044811940090e-01
1.683692230130610090e-01
1.715243724834719929e-01
1.746962576545149914e-01
1.778531911782310071e-01
1.810104514381689900e-01
1.840499628764699913e-01
1.869782402256099929e-01
1.898741651984150181e-01
1.927740544550430313e-01
1.956394292874099883e-01
1.985269452592599848e-01
2.013797875134190063e-01
2.041217487399030195e-01
2.068381205881409668e-01
2.096075708012730132e-01
2.123909292012459982e-01
2.151851362103109899e-01
2.179972363095309951e-01
2.208247279378259820e-01
2.236884744093750044e-01
2.265365631006469871e-01
2.293504551661489921e-01
2.321425000172159803e-01
2.349727005243119893e-01
2.378890893121040073e-01
2.408376005146669885e-01
2.437803317386869617e-01
2.467633266233749678e-01
2.496925010986550397e-01
2.525482525999560024e-01
2.553581199464650120e-01
2.581855836187639808e-01
2.609764126322969835e-01
2.637058633153079867e-01
2.664054597666339896e-01
2.690960415131989913e-01
2.717643064287090238e-01
2.743554285648570068e-01
2.769357449593060072e-01
2.795258890237309890e-01
2.821562340880359732e-01
2.847842409983940004e-01
2.873579068148349736e-01
2.899416993382509800e-01
2.925843742799379976e-01
2.952550773416610097e-01
2.979121643430289734e-01
3.005804182419040127e-01
3.032532817615369858e-01
3.059053787899539967e-01
3.085748408321730141e-01
3.112073400474250073e-01
3.138367790109020117e-01
3.165037949591559818e-01
3.191836185391759839e-01
3.218423880751979937e-01
3.245010019899409737e-01
3.271648630457409945e-01
3.298353663590130047e-01
3.325008814585970196e-01
3.351389080826969735e-01
3.377687451243049921e-01
3.404038881759059998e-01
3.430351750014000167e-01
3.456087280496070169e-01
3.481472365785939771e-01
3.506753681907309739e-01
3.532103817915450139e-01
3.557720505550989731e-01
3.583278106325529788e-01
3.608757858074490010e-01
3.634467475977329887e-01
3.660404635953549701e-01
3.686675404012320079e-01
3.713268956555099698e-01
3.740040478978070015e-01
3.766970596339809796e-01
3.794112877645879900e-01
3.821427581503429871e-01
3.848986728903699972e-01
3.876729624282940212e-01
3.904657189983840038e-01
3.932677958470839896e-01
3.960900562030529870e-01
3.989115670846929418e-01
4.017375617408089905e-01
4.045953460053979822e-01
4.074553622095369865e-01
4.103067067448439853e-01
4.131410432649019748e-01
4.159907543909009964e-01
4.188124329415380265e-01
4.216132874943679387e-01
4.243952034751309887e-01
4.271548366166660338e-01
4.298888510614449210e-01
4.326327454949979723e-01
4.353493319594139987e-01
4.380862366916120076e-01
4.408398082138980101e-01
4.435931656326229655e-01
4.463525875932389808e-01
4.490857917037109903e-01
4.517984627586710267e-01
4.545192573885699638e-01
4.572280386538620789e-01
4.599125763843869841e-01
4.625994711230759782e-01
4.653020835868810212e-01
4.680030074211650737e-01
4.707240777414900545e-01
4.734577139363589926e-01
4.762035625170700226e-01
4.789602920245890072e-01
4.817044818287340435e-01
4.844459863521809462e-01
4.871948232347229624e-01
4.899386807671110011e-01
4.926858556660569377e-01
4.954567598542339857e-01
4.982476332551640241e-01
5.010111974753409525e-01
5.037531763071060320e-01
5.064934437637349518e-01
5.092434041294230385e-01
5.120095987653979774e-01
5.147765578681560150e-01
5.175543022966929696e-01
5.203568551718900093e-01
5.231911459618310278e-01
5.260365865431979593e-01
5.288557531023559966e-01
5.316617061545430012e-01
5.344661093408550334e-01
5.372801214845579487e-01
5.400846068242010078e-01
5.428749975708510034e-01
5.456494359574599606e-01
5.484216769366430100e-01
5.511886637994629634e-01
5.539579852899240153e-01
5.567358174602690113e-01
5.595109011414489686e-01
5.623056973499800382e-01
5.651261782332970274e-01
5.679496629339639835e-01
5.707823330682759710e-01
5.736398782815389508e-01
5.765120791572889702e-01
5.794008905698959655e-01
5.822942782564830555e-01
5.851880140013320242e-01
5.880936835146070019e-01
5.910201312843490484e-01
5.939727990937080371e-01
5.969502238219720480e-01
5.999695104254769706e-01
6.030239306162460400e-01
6.060915696833070188e-01
6.091572776594349481e-01
6.122283987350870538e-01
6.153133472320210240e-01
6.184271572088749780e-01
6.215756140225030535e-01
6.247223771012879734e-01
6.278993160964679854e-01
6.310754592934439966e-01
6.342431199360879512e-01
6.374266672101780440e-01
6.406142840805469918e-01
6.437932918168389751e-01
6.469748402857290470e-01
6.501593751772050123e-01
6.533018075622609722e-01
6.564139790131420238e-01
6.595347293073909878e-01
6.626487229399230516e-01
6.657522291909210299e-01
6.688866144766549837e-01
6.720146952589769462e-01
6.751322898691399788e-01
6.782640669192909755e-01
6.813930961143690457e-01
6.844977205292810396e-01
6.875925420596850079e-01
6.907020651125079791e-01
6.938002178654140151e-01
6.968916191665700532e-01
6.999822925458809575e-01
7.031000385640799877e-01
7.062308745946339616e-01
7.093460492477779988e-01
7.124812674956659819e-01
7.156538122864439799e-01
7.188275916881720073e-01
7.220061048994269592e-01
7.251780459499439502e-01
7.283658846737800507e-01
7.315581201383259957e-01
7.347662516136489463e-01
7.380149395859429973e-01
7.413055128271440752e-01
7.445947243461109588e-01
7.478911696839438683e-01
7.511913587895909794e-01
7.545025113974969111e-01
7.578352918624150503e-01
7.611592339272278407e-01
7.644846839117910298e-01
7.678378873353920442e-01
7.712290701083619471e-01
7.745980064455909586e-01
7.779571195446669529e-01
7.813337203905980077e-01
7.847368413996249625e-01
7.881562101719230551e-01
7.916085353203340391e-01
7.950890958417220489e-01
7.986133203000570502e-01
8.021364310366959627e-01
8.055906649158089960e-01
8.089934571598759172e-01
8.124078780275609812e-01
8.158717173087748353e-01
8.193113386314799795e-01
8.227242113768939991e-01
8.261150799157710445e-01
8.294872039872299707e-01
8.328429619747269586e-01
8.361779878475248395e-01
8.394760167134088791e-01
8.427708747215360008e-01
8.460253922739741084e-01
8.492558274361670101e-01
8.525042162163299908e-01
8.557542618746249996e-01
8.590010401441240395e-01
8.622504707702238758e-01
8.655027260612400131e-01
8.687571841518900717e-01
8.720386567838599445e-01
8.753370773526740756e-01
8.786804977412560058e-01
8.820190641692660094e-01
8.853721072471320008e-01
8.887640903059680353e-01
8.922068404441748646e-01
8.957115633553049960e-01
8.992433926946800105e-01
9.028320214702491020e-01
9.064658733414360237e-01
9.101119971075990467e-01
9.137885332985909992e-01
9.175367023769028796e-01
9.213763429716089748e-01
9.252624997498151149e-01
9.291900282434091274e-01
9.331670981929111042e-01
9.372065986628468348e-01
9.412962121693071449e-01
9.454327056420238629e-01
9.496085532606870494e-01
9.537897631315299662e-01
9.580371343401340445e-01
9.623557737556468483e-01
9.666588247036750348e-01
9.709845583260828805e-01
9.753808167230990644e-01
9.797961818245700671e-01
9.842883340595239838e-01
9.888588750839061303e-01
9.934088208323880176e-01
9.980131973782958577e-01
1.000000000000720091e+00
