5.479282473963324740e-02
5.552204065767895463e-02
5.624170180819116488e-02
5.695180819116988508e-02
5.765235980661511522e-02
5.834335665452685532e-02
5.902479873490510537e-02
5.969668604774985843e-02
6.035901859306112838e-02
6.101179637083890134e-02
6.165465351369604774e-02
6.230116325395579358e-02
6.295132559161813190e-02
6.360514052668306273e-02
6.426260805915059993e-02
6.492372818902072962e-02
6.558850091629346568e-02
6.625692624096879424e-02
6.692900416304671529e-02
6.760473468252724272e-02
6.828411779941036264e-02
6.896715351369607505e-02
6.965384182538439384e-02
7.034418273447529124e-02
7.103817624096880889e-02
7.173582234486491904e-02
7.243712104616362168e-02
7.314207234486491682e-02
7.385067624096881833e-02
7.456293273447531234e-02
7.527884182538441271e-02
7.599840351369609170e-02
7.672161779941039095e-02
7.744848468252726881e-02
7.817900416304675304e-02
7.891317624096882977e-02
7.965100091629351287e-02
8.039247818902078846e-02
8.113760805915065655e-02
8.188639052668313101e-02
8.263882559161819796e-02
8.339491325395585741e-02
8.415465351369612323e-02
8.491804637083898155e-02
8.568509182538444624e-02
8.645578987733248955e-02
8.723014052668315310e-02
8.800814377343639527e-02
8.878979961759224382e-02
8.957510805915068486e-02
9.036406909811173227e-02
9.115668273447535830e-02
9.195294896824160458e-02
9.275286779941044335e-02
9.355643922798187462e-02
9.436366325395589838e-02
9.517453987733251464e-02
9.598906909811175114e-02
9.680725091629356627e-02
9.762908533187798776e-02
9.845457234486500175e-02
9.928371195525462212e-02
1.001165041630468211e-01
1.009529489682416403e-01
1.017930463708390382e-01
1.026367963708390424e-01
1.034841989682416391e-01
1.043352541630468422e-01
1.051899619552546239e-01
1.060483223448650258e-01
1.069103353318780203e-01
1.077760009162936072e-01
1.086453190981117867e-01
1.095182898773325586e-01
1.103949132539559508e-01
1.112751892279819216e-01
1.121591177994104988e-01
1.130466989682416684e-01
1.139379327344754445e-01
1.148328190981117991e-01
1.157313580591507740e-01
1.166335496175923275e-01
1.175393937734364874e-01
1.184488905266832398e-01
1.193620398773325986e-01
1.202788418253845498e-01
1.211992963708390936e-01
1.221234035136962437e-01
1.230511632539559863e-01
1.239825755916183214e-01
1.249176405266832629e-01
1.258563580591507969e-01
1.267987281890209372e-01
1.277447509162936701e-01
1.286944262409689954e-01
1.296477541630469132e-01
1.306047346825274236e-01
1.315653677994105542e-01
1.325296535136962772e-01
1.334975918253845928e-01
1.344691827344755009e-01
1.354444262409690292e-01
1.364233223448651222e-01
1.374058710461638078e-01
1.383920723448651136e-01
1.393819262409690118e-01
1.403754327344755026e-01
1.413725918253846137e-01
1.423734035136963172e-01
1.433778677994105855e-01
1.443982759626759038e-01
1.454285789929788963e-01
1.464687768903196741e-01
1.475188696546981260e-01
1.485788572861143075e-01
1.496487397845682465e-01
1.507285171500598875e-01
1.518181893825892581e-01
1.529177564821563307e-01
1.540272184487611606e-01
1.551465752824037203e-01
1.562758269830839541e-01
1.574149735508019732e-01
1.585640149855576664e-01
1.597229512873510893e-01
1.608917824561822696e-01
1.620705084920511518e-01
1.632591293949577638e-01
1.644576451649020776e-01
1.656660558018841489e-01
1.668843613059039499e-01
1.681125616769614251e-01
1.693506569150566854e-01
1.705986470201896199e-01
1.718565319923602841e-01
1.731243118315687057e-01
1.744019865378148293e-01
1.756895561110986825e-01
1.769870205514202377e-01
1.782943798587795503e-01
1.796116340331765648e-01
1.809387830746113091e-01
1.822758269830837830e-01
1.836227657585939865e-01
1.849795994011418920e-01
1.863463279107275272e-01
1.877229512873508921e-01
1.891094695310119866e-01
1.905058826417108109e-01
1.919121906194473370e-01
1.933283934642215929e-01
1.947544911760335784e-01
1.961904837548832936e-01
1.976363712007707385e-01
1.990921535136958853e-01
2.005578306936587618e-01
2.020334027406593680e-01
2.035188696546977039e-01
2.050142314357737694e-01
2.065194880838875369e-01
2.080346395990390340e-01
2.095596859812282609e-01
2.110946272304552174e-01
2.126394633467199036e-01
2.141941943300222917e-01
2.157588201803624095e-01
2.173333408977402570e-01
2.189177564821558342e-01
2.205120669336091410e-01
2.221162722521001498e-01
2.237303724376288883e-01
2.253543674901953564e-01
2.269882574097995542e-01
2.286320421964414817e-01
2.302857218501211112e-01
2.319492963708384703e-01
2.336227657585935591e-01
2.353061300133863776e-01
2.369993891352169257e-01
2.387025431240851758e-01
2.404155919799911556e-01
2.421385357029348651e-01
2.438713742929163042e-01
2.456141077499354730e-01
2.473667360739923438e-01
2.491292592650869442e-01
2.509016773232192743e-01
2.526839902483893341e-01
2.544761980405971236e-01
2.562783006998425872e-01
2.580902982261258360e-01
2.599121906194468146e-01
2.617439778798054673e-01
2.635856600072018496e-01
2.654372370016360172e-01
2.672987088631078034e-01
2.691700755916174304e-01
2.710513371871646759e-01
2.729424936497497622e-01
2.748435449793724672e-01
2.767544911760329018e-01
2.786753322397311217e-01
2.806060681704670712e-01
2.825466989682406949e-01
2.844972246330520482e-01
2.864576451649011313e-01
2.884279605637879440e-01
2.904081708297124864e-01
2.923982759626747585e-01
2.943982759626747603e-01
2.964117663482581655e-01
2.984284218797128019e-01
3.004482425570387250e-01
3.024712283802359902e-01
3.044973793493044867e-01
3.065266954642442698e-01
3.085591767250553397e-01
3.105948231317376962e-01
3.126336346842912839e-01
3.146756113827161583e-01
3.167207532270123194e-01
3.187690602171797671e-01
3.208205323532185016e-01
3.228751696351284672e-01
3.249329720629097196e-01
3.269939396365622586e-01
3.290580723560860843e-01
3.311253702214811967e-01
3.331958332327475958e-01
3.352694613898852261e-01
3.373462546928941430e-01
3.394262131417743467e-01
3.415093367365258370e-01
3.435956254771486140e-01
3.456850793636426777e-01
3.477776983960079726e-01
3.498734825742445542e-01
3.519724318983524225e-01
3.540745463683315775e-01
3.561798259841820191e-01
3.582882707459036919e-01
3.603998806534966515e-01
3.625146557069608977e-01
3.646325959062964306e-01
3.667537012515032502e-01
3.688779717425813565e-01
3.710054073795306939e-01
3.731360081623513181e-01
3.752697740910432289e-01
3.774067051656064264e-01
3.795468013860409107e-01
3.816900627523466816e-01
3.838364892645236837e-01
3.859860809225719724e-01
3.881388377264915479e-01
3.902947596762824101e-01
3.924538467719445589e-01
3.946160990134779389e-01
3.967815164008826057e-01
3.989500989341585591e-01
4.011218466133057992e-01
4.032967594383243259e-01
4.054748374092141394e-01
4.076560805259751841e-01
4.098404887886075154e-01
4.120280621971111334e-01
4.142188007514860382e-01
4.164127044517322296e-01
4.186097732978497077e-01
4.208100072898384170e-01
4.230134064276984129e-01
4.252199707114296956e-01
4.274297001410322649e-01
4.296425947165061210e-01
4.318586544378512637e-01
4.340778793050676376e-01
4.363002693181552982e-01
4.385258244771142455e-01
4.407545447819444795e-01
4.429864302326460002e-01
4.452214808292187520e-01
4.474596965716627905e-01
4.497010774599781158e-01
4.519456234941647277e-01
4.541933346742226263e-01
4.564442110001518116e-01
4.586982524719522281e-01
4.609554590896239312e-01
4.632158308531669211e-01
4.654793677625811976e-01
4.677460698178667609e-01
4.700159370190236108e-01
4.722889693660516919e-01
4.745651668589510597e-01
4.768445294977217142e-01
4.791270572823636553e-01
4.814127502128768832e-01
4.837016082892613422e-01
4.859936315115170880e-01
4.882888198796441204e-01
4.905871733936424395e-01
4.928886920535120453e-01
4.951933758592529378e-01
4.975012248108650614e-01
4.998122389083484718e-01
5.021264181517031133e-01
5.044437625409291526e-01
5.067642720760263675e-01
5.090879467569949801e-01
5.114147865838347684e-01
