9.900989942252639425e-03
1.097065451966799943e-02
1.215586534628699915e-02
1.492417596965560193e-02
2.030251110359599861e-02
2.737253409163870055e-02
3.720224135248970110e-02
4.941912863382000309e-02
6.401430502130950329e-02
8.575129472369960593e-02
1.166610737756419991e-01
1.553382364491170120e-01
2.079709320059009992e-01
2.689290079175680193e-01
3.188448033803469861e-01
3.688385167519270258e-01
4.171433330987689980e-01
4.701152400958520383e-01
5.222446213506990453e-01
5.743538891951740499e-01
6.253324351013890281e-01
6.736872907853039827e-01
7.185661586506819631e-01
7.660122642153980310e-01
8.156574074305258382e-01
8.616619852765500243e-01
9.074428349680799810e-01
9.589163827714609623e-01
1.001536283876099942e+00
