9.900990099009901110e-03
1.238244125164396185e-02
1.486389240427802086e-02
1.734534355691208160e-02
1.982679470954614234e-02
2.230824586218020308e-02
2.478969701481426036e-02
2.727114816744832110e-02
2.975259932008238184e-02
3.223405047271644258e-02
3.471550162535050332e-02
3.719695277798456406e-02
3.967840393061862481e-02
4.215985508325268555e-02
4.464130623588674629e-02
4.712275738852080703e-02
4.960420854115486777e-02
5.208565969378892851e-02
5.456711084642298926e-02
5.704856199905705000e-02
5.953001315169111074e-02
6.201146430432517148e-02
6.449291545695923222e-02
6.697436660959328603e-02
6.945581776222733983e-02
7.193726891486140751e-02
7.441872006749546131e-02
7.690017122012952899e-02
7.938162237276358280e-02
8.186307352539765048e-02
8.434452467803170428e-02
8.682597583066577196e-02
8.930742698329982576e-02
9.178887813593387957e-02
9.427032928856794725e-02
9.675178044120200105e-02
9.923323159383606873e-02
1.017146827464701225e-01
1.041961338991041902e-01
1.066775850517382440e-01
1.091590362043723117e-01
1.116404873570063655e-01
1.141219385096404332e-01
1.166033896622744870e-01
1.190848408149085547e-01
1.215662919675426085e-01
1.240477431201766761e-01
1.265291942728107299e-01
1.290106454254447976e-01
1.314920965780788653e-01
1.339735477307129052e-01
1.364549988833469729e-01
1.389364500359810406e-01
1.414179011886151083e-01
1.438993523412491760e-01
1.463808034938832159e-01
1.488622546465172836e-01
1.513437057991513512e-01
1.538251569517854189e-01
1.563066081044194588e-01
1.587880592570535265e-01
1.612695104096875942e-01
1.637509615623216619e-01
1.662324127149557018e-01
1.687138638675897695e-01
1.711953150202238372e-01
1.736767661728578771e-01
1.761582173254919448e-01
1.786396684781260125e-01
1.811211196307600801e-01
1.836025707833941201e-01
1.860840219360281877e-01
1.885654730886622554e-01
1.910469242412963231e-01
1.935283753939303630e-01
1.960098265465644307e-01
1.984912776991984984e-01
2.009727288518325661e-01
2.034541800044666060e-01
2.059356311571006737e-01
2.084170823097347414e-01
2.108985334623687813e-01
2.133799846150028490e-01
2.158614357676369166e-01
2.183428869202709843e-01
2.208243380729050243e-01
2.233057892255390919e-01
2.257872403781731596e-01
2.282686915308072273e-01
2.307501426834412672e-01
2.332315938360753349e-01
2.357130449887094026e-01
2.381944961413434703e-01
2.406759472939775102e-01
2.431573984466115779e-01
2.456388495992456455e-01
2.481203007518796855e-01
2.506017519045137254e-01
2.530832030571478208e-01
2.555646542097818608e-01
2.580461053624159007e-01
2.605275565150499961e-01
2.630090076676840360e-01
2.654904588203181315e-01
2.679719099729521714e-01
2.704533611255862668e-01
2.729348122782203068e-01
2.754162634308543467e-01
2.778977145834884421e-01
2.803791657361224821e-01
2.828606168887565220e-01
2.853420680413906174e-01
2.878235191940246573e-01
2.903049703466586973e-01
2.927864214992927927e-01
2.952678726519268326e-01
2.977493238045609281e-01
3.002307749571949680e-01
3.027122261098290079e-01
3.051936772624631034e-01
3.076751284150971433e-01
3.101565795677311832e-01
3.126380307203652786e-01
3.151194818729993186e-01
3.176009330256334140e-01
3.200823841782674539e-01
3.225638353309014938e-01
3.250452864835355893e-01
3.275267376361696292e-01
3.300081887888036691e-01
3.324896399414377646e-01
3.349710910940718045e-01
3.374525422467058444e-01
3.399339933993399399e-01
3.424154445519739798e-01
3.448968957046080752e-01
3.473783468572421151e-01
3.498597980098761551e-01
3.523412491625102505e-01
3.548227003151442904e-01
3.573041514677783304e-01
3.597856026204124258e-01
3.622670537730464657e-01
3.647485049256805612e-01
3.672299560783146011e-01
3.697114072309486410e-01
3.721928583835827364e-01
3.746743095362167764e-01
3.771557606888508163e-01
3.796372118414849117e-01
3.821186629941189516e-01
3.846001141467529916e-01
3.870815652993870870e-01
3.895630164520211269e-01
3.920444676046552224e-01
3.945259187572892623e-01
3.970073699099233022e-01
3.994888210625573977e-01
4.019702722151914376e-01
4.044517233678254775e-01
4.069331745204595729e-01
4.094146256730936129e-01
4.118960768257276528e-01
4.143775279783617482e-01
4.168589791309957882e-01
4.193404302836298836e-01
4.218218814362639235e-01
4.243033325888979634e-01
4.267847837415320589e-01
4.292662348941660988e-01
4.317476860468001387e-01
4.342291371994342342e-01
4.367105883520682741e-01
4.391920395047023695e-01
4.416734906573364094e-01
4.441549418099704494e-01
4.466363929626045448e-01
4.491178441152385847e-01
4.515992952678726247e-01
4.540807464205067201e-01
4.565621975731407600e-01
4.590436487257747999e-01
4.615250998784088954e-01
4.640065510310429353e-01
4.664880021836770307e-01
4.689694533363110707e-01
4.714509044889451106e-01
4.739323556415792060e-01
4.764138067942132460e-01
4.788952579468472859e-01
4.813767090994813813e-01
4.838581602521154212e-01
4.863396114047494612e-01
4.888210625573835566e-01
4.913025137100175965e-01
4.937839648626516920e-01
4.962654160152857319e-01
4.987468671679197718e-01
5.012283183205538117e-01
5.037097694731879072e-01
5.061912206258218916e-01
5.086726717784559870e-01
5.111541229310900825e-01
5.136355740837241779e-01
5.161170252363581623e-01
5.185984763889922577e-01
5.210799275416263532e-01
5.235613786942604486e-01
5.260428298468944330e-01
5.285242809995285285e-01
5.310057321521626239e-01
5.334871833047966083e-01
5.359686344574307038e-01
5.384500856100647992e-01
5.409315367626987836e-01
5.434129879153328790e-01
5.458944390679669745e-01
5.483758902206009589e-01
5.508573413732350543e-01
5.533387925258691498e-01
5.558202436785031342e-01
5.583016948311372296e-01
5.607831459837713250e-01
5.632645971364053095e-01
5.657460482890394049e-01
5.682274994416735003e-01
5.707089505943074847e-01
5.731904017469415802e-01
5.756718528995756756e-01
5.781533040522097711e-01
5.806347552048437555e-01
5.831162063574778509e-01
5.855976575101119463e-01
5.880791086627459308e-01
5.905605598153800262e-01
5.930420109680141216e-01
5.955234621206481060e-01
5.980049132732822015e-01
6.004863644259162969e-01
6.029678155785502813e-01
6.054492667311843768e-01
6.079307178838184722e-01
6.104121690364524566e-01
6.128936201890865521e-01
6.153750713417206475e-01
6.178565224943546319e-01
6.203379736469887273e-01
6.228194247996228228e-01
6.253008759522569182e-01
6.277823271048909026e-01
6.302637782575249981e-01
6.327452294101590935e-01
6.352266805627930779e-01
6.377081317154271733e-01
6.401895828680612688e-01
6.426710340206952532e-01
6.451524851733293486e-01
6.476339363259634441e-01
6.501153874785974285e-01
6.525968386312315239e-01
6.550782897838656194e-01
6.575597409364996038e-01
6.600411920891336992e-01
6.625226432417677946e-01
6.650040943944017791e-01
6.674855455470358745e-01
6.699669966996699699e-01
6.724484478523040654e-01
6.749298990049380498e-01
6.774113501575721452e-01
6.798928013102062407e-01
6.823742524628402251e-01
6.848557036154743205e-01
6.873371547681084159e-01
6.898186059207424004e-01
6.923000570733764958e-01
6.947815082260105912e-01
6.972629593786445756e-01
6.997444105312786711e-01
7.022258616839127665e-01
7.047073128365467509e-01
7.071887639891808464e-01
7.096702151418149418e-01
7.121516662944489262e-01
7.146331174470830216e-01
7.171145685997171171e-01
7.195960197523512125e-01
7.220774709049851969e-01
7.245589220576192924e-01
7.270403732102533878e-01
7.295218243628873722e-01
7.320032755155214677e-01
7.344847266681555631e-01
7.369661778207895475e-01
7.394476289734236429e-01
7.419290801260577384e-01
7.444105312786917228e-01
7.468919824313258182e-01
7.493734335839599137e-01
7.518548847365938981e-01
7.543363358892279935e-01
7.568177870418620889e-01
7.592992381944960734e-01
7.617806893471301688e-01
7.642621404997642642e-01
7.667435916523982486e-01
7.692250428050323441e-01
7.717064939576664395e-01
7.741879451103005350e-01
7.766693962629345194e-01
7.791508474155686148e-01
7.816322985682027102e-01
7.841137497208366947e-01
7.865952008734707901e-01
7.890766520261048855e-01
7.915581031787388699e-01
7.940395543313729654e-01
7.965210054840070608e-01
7.990024566366410452e-01
8.014839077892751407e-01
8.039653589419092361e-01
8.064468100945432205e-01
8.089282612471773160e-01
8.114097123998114114e-01
8.138911635524453958e-01
8.163726147050794912e-01
8.188540658577135867e-01
8.213355170103476821e-01
8.238169681629816665e-01
8.262984193156157620e-01
8.287798704682498574e-01
8.312613216208838418e-01
8.337427727735179372e-01
8.362242239261520327e-01
8.387056750787860171e-01
8.411871262314201125e-01
8.436685773840542080e-01
8.461500285366881924e-01
8.486314796893222878e-01
8.511129308419563833e-01
8.535943819945903677e-01
8.560758331472244631e-01
8.585572842998585585e-01
8.610387354524925430e-01
8.635201866051266384e-01
8.660016377577607338e-01
8.684830889103948293e-01
8.709645400630288137e-01
8.734459912156629091e-01
8.759274423682970045e-01
8.784088935209309890e-01
8.808903446735650844e-01
8.833717958261991798e-01
8.858532469788331642e-01
8.883346981314672597e-01
8.908161492841013551e-01
8.932976004367353395e-01
8.957790515893694350e-01
8.982605027420035304e-01
9.007419538946375148e-01
9.032234050472716103e-01
9.057048561999057057e-01
9.081863073525396901e-01
9.106677585051737855e-01
9.131492096578078810e-01
9.156306608104419764e-01
9.181121119630759608e-01
9.205935631157100563e-01
9.230750142683441517e-01
9.255564654209781361e-01
9.280379165736122316e-01
9.305193677262463270e-01
9.330008188788803114e-01
9.354822700315144068e-01
9.379637211841485023e-01
9.404451723367824867e-01
9.429266234894165821e-01
9.454080746420506776e-01
9.478895257946846620e-01
9.503709769473187574e-01
9.528524280999528528e-01
9.553338792525868373e-01
9.578153304052209327e-01
9.602967815578550281e-01
9.627782327104890125e-01
9.652596838631231080e-01
9.677411350157572034e-01
9.702225861683912989e-01
9.727040373210252833e-01
9.751854884736593787e-01
9.776669396262934741e-01
9.801483907789274586e-01
9.826298419315615540e-01
9.851112930841956494e-01
9.875927442368296338e-01
9.900741953894637293e-01
9.925556465420978247e-01
9.950370976947318091e-01
9.975185488473659046e-01
1.000000000000000000e+00
