5.882352941176470507e-02
6.042780748663101331e-02
6.203208556149732850e-02
6.363636363636362980e-02
6.524064171122995193e-02
6.684491978609626017e-02
6.844919786096256842e-02
7.005347593582887666e-02
7.165775401069518491e-02
7.326203208556149316e-02
7.486631016042780140e-02
7.647058823529412352e-02
7.807486631016043177e-02
7.967914438502674002e-02
8.128342245989304826e-02
8.288770053475935651e-02
8.449197860962567863e-02
8.609625668449198688e-02
8.770053475935829512e-02
8.930481283422460337e-02
9.090909090909091161e-02
9.242424242424242264e-02
9.393939393939394755e-02
9.545454545454545858e-02
9.696969696969696961e-02
9.848484848484848064e-02
1.000000000000000056e-01
1.015151515151515166e-01
1.030303030303030276e-01
1.045454545454545525e-01
1.060606060606060635e-01
1.075757575757575746e-01
1.090909090909090995e-01
1.106060606060606105e-01
1.121212121212121215e-01
1.136363636363636326e-01
1.151515151515151436e-01
1.166666666666666685e-01
1.181818181818181795e-01
1.196969696969696906e-01
1.212121212121212155e-01
1.227272727272727265e-01
1.242424242424242375e-01
1.257575757575757625e-01
1.272727272727272596e-01
1.287878787878787845e-01
1.303030303030303094e-01
1.318181818181818066e-01
1.333333333333333315e-01
1.348484848484848286e-01
1.363636363636363535e-01
1.378787878787878785e-01
1.393939393939394034e-01
1.409090909090909005e-01
1.424242424242424254e-01
1.439393939393939226e-01
1.454545454545454475e-01
1.469696969696969724e-01
1.484848484848484695e-01
1.499999999999999944e-01
1.515151515151514916e-01
1.530303030303030165e-01
1.545454545454545414e-01
1.560606060606060663e-01
1.575757575757575635e-01
1.590909090909090884e-01
1.606060606060605855e-01
1.621212121212121104e-01
1.636363636363636354e-01
1.651515151515151603e-01
1.666666666666666574e-01
1.687499999999999833e-01
1.708333333333333370e-01
1.729166666666666630e-01
1.749999999999999889e-01
1.770833333333333148e-01
1.791666666666666685e-01
1.812499999999999944e-01
1.833333333333333204e-01
1.854166666666666741e-01
1.875000000000000000e-01
1.895833333333333259e-01
1.916666666666666519e-01
1.937500000000000056e-01
1.958333333333333315e-01
1.979166666666666574e-01
2.000000000000000111e-01
2.020833333333333370e-01
2.041666666666666630e-01
2.062499999999999889e-01
2.083333333333333148e-01
2.104166666666666685e-01
2.124999999999999944e-01
2.145833333333333481e-01
2.166666666666666741e-01
2.187500000000000000e-01
2.208333333333333259e-01
2.229166666666666519e-01
2.250000000000000056e-01
2.270833333333333315e-01
2.291666666666666852e-01
2.312500000000000111e-01
2.333333333333333370e-01
2.354166666666666630e-01
2.374999999999999889e-01
2.395833333333333426e-01
2.416666666666666685e-01
2.437500000000000222e-01
2.458333333333333481e-01
2.479166666666666741e-01
2.500000000000000000e-01
2.521367521367521292e-01
2.542735042735042583e-01
2.564102564102563875e-01
2.585470085470085166e-01
2.606837606837607013e-01
2.628205128205128305e-01
2.649572649572649596e-01
2.670940170940170888e-01
2.692307692307692180e-01
2.713675213675213471e-01
2.735042735042734763e-01
2.756410256410256610e-01
2.777777777777777901e-01
2.799145299145299193e-01
2.820512820512820484e-01
2.841880341880341776e-01
2.863247863247863068e-01
2.884615384615384359e-01
2.905982905982905651e-01
2.927350427350426942e-01
2.948717948717948789e-01
2.970085470085470081e-01
2.991452991452991372e-01
3.012820512820512664e-01
3.034188034188033956e-01
3.055555555555555247e-01
3.076923076923076539e-01
3.098290598290598385e-01
3.119658119658119677e-01
3.141025641025640969e-01
3.162393162393162260e-01
3.183760683760683552e-01
3.205128205128204844e-01
3.226495726495726135e-01
3.247863247863247427e-01
3.269230769230768718e-01
3.290598290598290010e-01
3.311965811965811857e-01
3.333333333333333148e-01