7.692307692307692735e-02
8.032128514056224855e-02
8.403361344537814415e-02
8.810572687224668686e-02
9.259259259259258745e-02
9.756097560975610095e-02
1.030927835051546476e-01
1.092896174863387942e-01
1.162790697674418589e-01
1.242236024844720343e-01
1.333333333333333315e-01
1.351351351351351149e-01
1.360544217687074675e-01
1.369863013698630061e-01
1.379310344827586188e-01
1.388888888888888951e-01
1.398601398601398427e-01
1.408450704225351902e-01
1.418439716312056564e-01
1.428571428571428492e-01
1.438848920863309289e-01
1.449275362318840632e-01
1.459854014598540028e-01
1.470588235294117418e-01
1.481481481481481399e-01
1.492537313432835688e-01
1.503759398496240518e-01
1.515151515151514916e-01
1.526717557251908164e-01
1.538461538461538547e-01
1.550387596899224785e-01
1.562500000000000000e-01
1.574803149606299191e-01
1.587301587301587213e-01
1.600000000000000033e-01
1.612903225806451568e-01
1.626016260162601590e-01
1.639344262295082122e-01
1.652892561983471120e-01
1.666666666666666574e-01
1.680672268907562883e-01
1.694915254237288060e-01
1.709401709401709435e-01
1.724137931034482873e-01
1.739130434782608647e-01
1.754385964912280604e-01
1.769911504424778736e-01
1.785714285714285754e-01
1.801801801801801994e-01
1.818181818181818232e-01
1.851851851851851749e-01
1.869158878504672827e-01
1.886792452830188538e-01
1.904761904761904656e-01
1.923076923076922906e-01
1.941747572815533951e-01
1.960784313725489891e-01
1.980198019801980014e-01
2.000000000000000111e-01
2.020202020202020166e-01
2.040816326530612013e-01
2.061855670103092675e-01
2.083333333333333148e-01
2.105263157894736725e-01
2.127659574468085124e-01
2.150537634408601906e-01
2.173913043478260532e-01
2.197802197802197488e-01
2.222222222222222099e-01
2.247191011235954994e-01
2.272727272727272652e-01
2.298850574712643924e-01
2.325581395348836899e-01
2.352941176470588203e-01
2.380952380952380820e-01
2.409638554216867179e-01
2.439024390243902662e-01
2.469135802469135388e-01
2.500000000000000000e-01
2.531645569620252778e-01
2.564102564102564430e-01
2.597402597402597157e-01
2.631578947368420907e-01
2.666666666666666630e-01
2.702702702702702298e-01
2.739726027397260122e-01
2.777777777777777901e-01
2.816901408450704358e-01
2.857142857142856984e-01
2.941176470588235392e-01
3.030303030303030387e-01
3.125000000000000000e-01
3.225806451612903136e-01
3.333333333333333148e-01
