9.900990099009901110e-03
1.066323635865441301e-02
1.434599505138956302e-02
1.930066738961373762e-02
2.596653480283052026e-02
3.493459571967132832e-02
4.699996904018260285e-02
6.323241014339449351e-02
8.507121792880752154e-02
1.144530595323743488e-01
1.539843623334107570e-01
2.054308047694780037e-01
2.511783886733476856e-01
2.901303121959636910e-01
3.298542207630257295e-01
3.717000839067468032e-01
4.084017055304906552e-01
4.425739987112240481e-01
4.790614920715748348e-01
5.155630626044991338e-01
5.504427110814440471e-01
5.869213101360037932e-01
6.238464490870154755e-01
6.627465343533163189e-01
7.028713166692032166e-01
7.434284719118262608e-01
7.870443757783464056e-01
8.321597022384705777e-01
8.794287193156496985e-01
9.280323874931580841e-01
9.791287455758538316e-01
9.923473549947346983e-01
