9.900989942252639425e-03
1.097065451966799943e-02
1.215586534628699915e-02
1.492417596965560193e-02
2.030251110359599861e-02
2.736537924966599838e-02
3.717656753784189666e-02
4.935160550745039398e-02
6.387086261600899428e-02
8.547299780322420437e-02
1.160685702274399933e-01
1.558341060432769931e-01
2.074378233917310022e-01
2.690261931665000050e-01
3.189167346991689800e-01
3.689334614283069635e-01
4.168580865421659398e-01
4.703151089146210273e-01
5.214690301326919686e-01
5.737976522017099734e-01
6.248502385504609569e-01
6.729906992865259951e-01
7.186640573607819826e-01
7.663047368441439078e-01
8.146448628205440468e-01
8.606448067504568478e-01
9.073242610289919963e-01
9.582693127172798864e-01
1.000161794217389932e+00
