9.900989942252639425e-03
1.097065451966799943e-02
1.215586534628699915e-02
1.492417596965560193e-02
2.030251110359599861e-02
2.737247578952059848e-02
3.720200450542689857e-02
4.941891994612530176e-02
6.401376468096299510e-02
8.575180193364810577e-02
1.166692204629110052e-01
1.553585283540399875e-01
2.080003938008309905e-01
2.688993847971120066e-01
3.187964086618300108e-01
3.695840516848379886e-01
4.175529313981020119e-01
4.705272517628020235e-01
5.213426853100500136e-01
5.749516193598850355e-01
6.251072969768289855e-01
6.738728731761930435e-01
7.181460970461639448e-01
7.662788648179539308e-01
8.145978200745760400e-01
8.608767982526449591e-01
9.077628852219400413e-01
9.583754840072979952e-01
1.001246871225460078e+00
