9.900989942252639425e-03
1.097065451966799943e-02
1.215586534628699915e-02
1.492417596965560193e-02
2.030251110359599861e-02
2.738957345617960143e-02
3.728497760183539789e-02
4.719905198604659735e-02
6.451743704721059347e-02
8.675613439656029713e-02
1.162412052115209954e-01
1.554018664553460105e-01
2.081519272199210124e-01
2.684726810109990258e-01
3.192715656206659980e-01
3.687439002715540148e-01
4.171758446549629906e-01
4.711413088875889832e-01
5.222965144520600456e-01
5.741277808624819512e-01
6.255196025894720346e-01
6.739523547970249773e-01
7.181958065578040173e-01
7.671596677762979599e-01
8.149481846563769727e-01
8.610668492750209735e-01
9.078428067458339523e-01
9.591140899672181419e-01
1.000172634673329952e+00
