9.900990099009899376e-03
1.149411462823709922e-02
1.334358168914159988e-02
1.549063813622410246e-02
1.798316759827070163e-02
2.087664491300500122e-02
2.423161722893439965e-02
2.811959131075859875e-02
3.262520120799099893e-02
3.784649375772399654e-02
4.389710919007260015e-02
5.090874118521739738e-02
5.903399519496309311e-02
6.844970789281029644e-02
7.936078836453300256e-02
9.200468185568730362e-02
1.064329229209129979e-01
1.210154938027970112e-01
1.339283217617570076e-01
1.454158082935090024e-01
1.555659230529549963e-01
1.651796044811940090e-01
1.746962576545139922e-01
1.840499628764699913e-01
1.927740544550430313e-01
2.013797875134190063e-01
2.096075708012730132e-01
2.179972363095309951e-01
2.265365631006469871e-01
2.349727005243119893e-01
2.437803317386869617e-01
2.525482525999560024e-01
2.609764126322969835e-01
2.690960415131989913e-01
2.769357449593060072e-01
2.847842409983940004e-01
2.925843742799379976e-01
3.005804182419050119e-01
3.085748408321730141e-01
3.165037949591559818e-01
3.245010019899409737e-01
3.325008814585970196e-01
3.404038881759059998e-01
3.481472365785949763e-01
3.557720505550989731e-01
3.634467475977329887e-01
3.713268956555099698e-01
3.794112877645879900e-01
3.876729624282940212e-01
3.960900562030529870e-01
4.045953460053979822e-01
4.131410432649019748e-01
4.216132874943679387e-01
4.298888510614449210e-01
4.380862366916120076e-01
4.463525875932389808e-01
4.545192573885699638e-01
4.625994711230759782e-01
4.707240777414900545e-01
4.789602920245900619e-01
4.871948232347240171e-01
4.954567598542339857e-01
5.037531763071060320e-01
5.120095987653979774e-01
5.203568551718900093e-01
5.288557531023569958e-01
5.372801214845579487e-01
5.456494359574599606e-01
5.539579852899240153e-01
5.623056973499810374e-01
5.707823330682759710e-01
5.794008905698959655e-01
5.880936835146070019e-01
5.969502238219720480e-01
6.060915696833080180e-01
6.153133472320210240e-01
6.247223771012879734e-01
6.342431199360879512e-01
6.437932918168399743e-01
6.533018075622609722e-01
6.626487229399230516e-01
6.720146952589779454e-01
6.813930961143690457e-01
6.907020651125079791e-01
6.999822925458809575e-01
7.093460492477779988e-01
7.188275916881720073e-01
7.283658846737810499e-01
7.380149395859429973e-01
7.478911696839450896e-01
7.578352918624160495e-01
7.678378873353930434e-01
7.779571195446679521e-01
7.881562101719241653e-01
7.986133203000580494e-01
8.089934571598759172e-01
8.193113386314799795e-01
8.294872039872309699e-01
8.394760167134099893e-01
8.492558274361680093e-01
8.590010401441250387e-01
8.687571841518910709e-01
8.786804977412570050e-01
8.887640903059689235e-01
8.992433926946810097e-01
9.101119971075999349e-01
9.213763429716108622e-01
9.331670981929139908e-01
9.454327056420258613e-01
9.580371343401360429e-01
9.709845583260861002e-01
9.842883340595270925e-01
9.980131973782989663e-01
1.000000000000720091e+00