4.761904761904761640e-02
8.115145691793196336e-02
1.087123634428597829e-01
1.331218220030438437e-01
1.554628047350956888e-01
1.762977656832500628e-01
1.959656311521735528e-01
2.146908863831665515e-01
2.326320765679216751e-01
2.499059813137057551e-01
2.666019106689163642e-01
2.827903399273203333e-01
2.985279966047129641e-01
3.138610322858819690e-01
3.288282080304099075e-01
3.434622545350711764e-01
3.577907606628908943e-01
3.718378564421430110e-01
3.856244282264185697e-01
3.991689157670911259e-01
4.124872451020021868e-01
4.255939141218002542e-01
4.385017693642306869e-01
4.512223519504642288e-01
4.637660792136832910e-01
4.761425189881081099e-01
4.883600178746237419e-01
5.004265513132329923e-01
5.123493154718442577e-01
5.241349268604015288e-01
5.357894868081466422e-01
5.473186369266463958e-01
5.587276070502731340e-01
5.700212568768927568e-01
5.812042365118826881e-01
5.922805214159307940e-01
6.032541857175164335e-01
6.141289300094667780e-01
6.249082274920974012e-01
6.355953434144728798e-01
6.461933524056220346e-01
6.567051540158459488e-01
6.671335019234343466e-01
6.774809405868531531e-01
6.877499657997481197e-01
6.979429241281378538e-01
7.080619321105366959e-01
7.181091494716735912e-01
7.280865874675755967e-01
7.379962288484382960e-01
7.478395876589606361e-01
7.576186315409771943e-01
7.673351100571816907e-01
7.769903302944202172e-01
7.865859649958747424e-01
7.961233727409454675e-01
8.056040033165738912e-01
8.150291991280719239e-01
8.244002107710998173e-01
8.337182004613958863e-01
8.429844656793586966e-01
8.522000551934126866e-01
8.613660859693190730e-01
8.704835840329080421e-01
8.795537294002981898e-01
8.885771381266908131e-01
8.975550256682206518e-01
9.064882839400488779e-01
9.153777703875852767e-01
9.242242294804474678e-01
9.330285567914838873e-01
9.417915362657308664e-01
9.505139322208812080e-01
9.591965368726714791e-01
9.678399212733389545e-01
9.764450050875063125e-01
9.850122252271588108e-01
9.935423845757170858e-01
1.000000000000000000e+00
