9.900990099009901110e-03
1.148416557808557177e-02
1.545044840321795586e-02
2.078656565980372892e-02
2.796561806323973054e-02
3.762410412426647061e-02
5.061836033457939310e-02
6.810051036065989383e-02
9.162069872298383988e-02
1.232648185026402332e-01
1.658403339871256654e-01
2.228082953160170632e-01
2.812747251892251943e-01
3.324141126300104720e-01
3.823512509130478909e-01
4.319585835236867677e-01
4.856317589495469655e-01
5.375353290496404091e-01
5.904407745388243756e-01
6.410895203572460899e-01
6.889176649268642372e-01
7.343638348373715541e-01
7.834357310574818767e-01
8.323286185701943563e-01
8.785194656772817856e-01
9.263297522981475129e-01
9.786755229830786940e-01
1.000000000000000000e+00
