4.761904761904761640e-02
4.878048780487805047e-02
5.000000000000000278e-02
5.128205128205128027e-02
5.263157894736841813e-02
5.405405405405405705e-02
5.555555555555555247e-02
5.714285714285714107e-02
5.882352941176470507e-02
6.060606060606060774e-02
6.250000000000000000e-02
6.451612903225806273e-02
6.666666666666666574e-02
6.896551724137930939e-02
7.142857142857142461e-02
7.407407407407406996e-02
7.692307692307692735e-02
8.000000000000000167e-02
8.333333333333332871e-02
8.695652173913043237e-02
9.090909090909091161e-02
9.523809523809523281e-02
1.000000000000000056e-01
1.052631578947368363e-01
1.111111111111111049e-01
1.176470588235294101e-01
1.250000000000000000e-01
1.333333333333333315e-01
1.428571428571428492e-01
1.538461538461538547e-01
1.666666666666666574e-01
1.818181818181818232e-01
2.000000000000000111e-01
2.222222222222222099e-01
2.500000000000000000e-01
2.857142857142856984e-01
3.333333333333333148e-01
4.000000000000000222e-01
5.000000000000000000e-01
6.666666666666666297e-01
1.000000000000000000e+00