9.900990099009901110e-03
1.234711706464764087e-02
1.479324403028538237e-02
1.723937099592312214e-02
1.968549796156086190e-02
2.213162492719860167e-02
2.457775189283634143e-02
2.702387885847408466e-02
2.947000582411182096e-02
3.191613278974956419e-02
3.436225975538730049e-02
3.680838672102504372e-02
3.925451368666278695e-02
4.170064065230052325e-02
4.414676761793826648e-02
4.659289458357600278e-02
4.903902154921374601e-02
5.148514851485148924e-02
5.393127548048922554e-02
5.637740244612696877e-02
5.882352941176470507e-02
6.042780748663101331e-02
6.203208556149732850e-02
6.363636363636362980e-02
6.524064171122995193e-02
6.684491978609626017e-02
6.844919786096256842e-02
7.005347593582887666e-02
7.165775401069518491e-02
7.326203208556149316e-02
7.486631016042780140e-02
7.647058823529412352e-02
7.807486631016043177e-02
7.967914438502674002e-02
8.128342245989304826e-02
8.288770053475935651e-02
8.449197860962567863e-02
8.609625668449198688e-02
8.770053475935829512e-02
8.930481283422460337e-02
9.090909090909091161e-02
9.242424242424242264e-02
9.393939393939394755e-02
9.545454545454545858e-02
9.696969696969696961e-02
9.848484848484848064e-02
1.000000000000000056e-01
1.015151515151515166e-01
1.030303030303030276e-01
1.045454545454545525e-01
1.060606060606060635e-01
1.075757575757575746e-01
1.090909090909090995e-01
1.106060606060606105e-01
1.121212121212121215e-01
1.136363636363636326e-01
1.151515151515151436e-01
1.166666666666666685e-01
1.181818181818181795e-01
1.196969696969696906e-01
1.212121212121212155e-01
1.227272727272727265e-01
1.242424242424242375e-01
1.257575757575757625e-01
1.272727272727272596e-01
1.287878787878787845e-01
1.303030303030303094e-01
1.318181818181818066e-01
1.333333333333333315e-01
1.348484848484848286e-01
1.363636363636363535e-01
1.378787878787878785e-01
1.393939393939394034e-01
1.409090909090909005e-01
1.424242424242424254e-01
1.439393939393939226e-01
1.454545454545454475e-01
1.469696969696969724e-01
1.484848484848484695e-01
1.499999999999999944e-01
1.515151515151514916e-01
1.530303030303030165e-01
1.545454545454545414e-01
1.560606060606060663e-01
1.575757575757575635e-01
1.590909090909090884e-01
1.606060606060605855e-01
1.621212121212121104e-01
1.636363636363636354e-01
1.651515151515151603e-01
1.666666666666666574e-01
1.687499999999999833e-01
1.708333333333333370e-01
1.729166666666666630e-01
1.749999999999999889e-01
1.770833333333333148e-01
1.791666666666666685e-01
1.812499999999999944e-01
1.833333333333333204e-01
1.854166666666666741e-01
1.875000000000000000e-01
1.895833333333333259e-01
1.916666666666666519e-01
1.937500000000000056e-01
1.958333333333333315e-01
1.979166666666666574e-01
2.000000000000000111e-01
2.020833333333333370e-01
2.041666666666666630e-01
2.062499999999999889e-01
2.083333333333333148e-01
2.104166666666666685e-01
2.124999999999999944e-01
2.145833333333333481e-01
2.166666666666666741e-01
2.187500000000000000e-01
2.208333333333333259e-01
2.229166666666666519e-01
2.250000000000000056e-01
2.270833333333333315e-01
2.291666666666666852e-01
2.312500000000000111e-01
2.333333333333333370e-01
2.354166666666666630e-01
2.374999999999999889e-01
2.395833333333333426e-01
2.416666666666666685e-01
2.437500000000000222e-01
2.458333333333333481e-01
2.479166666666666741e-01
2.500000000000000000e-01
2.521367521367521292e-01
2.542735042735042583e-01
2.564102564102563875e-01
2.585470085470085166e-01
2.606837606837607013e-01
2.628205128205128305e-01
2.649572649572649596e-01
2.670940170940170888e-01
2.692307692307692180e-01
2.713675213675213471e-01
2.735042735042734763e-01
2.756410256410256610e-01
2.777777777777777901e-01
2.799145299145299193e-01
2.820512820512820484e-01
2.841880341880341776e-01
2.863247863247863068e-01
2.884615384615384359e-01
2.905982905982905651e-01
2.927350427350426942e-01
2.948717948717948789e-01
2.970085470085470081e-01
2.991452991452991372e-01
3.012820512820512664e-01
3.034188034188033956e-01
3.055555555555555247e-01
3.076923076923076539e-01
3.098290598290598385e-01
3.119658119658119677e-01
3.141025641025640969e-01
3.162393162393162260e-01
3.183760683760683552e-01
3.205128205128204844e-01
3.226495726495726135e-01
3.247863247863247427e-01
3.269230769230768718e-01
3.290598290598290010e-01
3.311965811965811857e-01
3.333333333333333148e-01
3.388888888888888506e-01
3.444444444444444420e-01
3.499999999999999778e-01
3.555555555555555136e-01
3.611111111111111049e-01
3.666666666666666408e-01
3.722222222222222321e-01
3.777777777777777679e-01
3.833333333333333037e-01
3.888888888888888951e-01
3.944444444444444309e-01
3.999999999999999667e-01
4.055555555555555580e-01
4.111111111111110938e-01
4.166666666666666297e-01
4.222222222222222210e-01
4.277777777777777568e-01
4.333333333333333481e-01
4.388888888888888840e-01
4.444444444444444198e-01
4.499999999999999556e-01
4.555555555555555469e-01
4.611111111111111382e-01
4.666666666666666741e-01
4.722222222222222099e-01
4.777777777777777457e-01
4.833333333333332815e-01
4.888888888888888729e-01
4.944444444444444642e-01
5.000000000000000000e-01
5.084745762711864181e-01
5.169491525423728362e-01
5.254237288135593653e-01
5.338983050847457834e-01
5.423728813559322015e-01
5.508474576271186196e-01
5.593220338983050377e-01
5.677966101694915668e-01
5.762711864406779849e-01
5.847457627118644030e-01
5.932203389830508211e-01
6.016949152542372392e-01
6.101694915254237683e-01
6.186440677966101864e-01
6.271186440677966045e-01
6.355932203389830226e-01
6.440677966101695517e-01
6.525423728813559698e-01
6.610169491525423879e-01
6.694915254237288060e-01
6.779661016949152241e-01
6.864406779661016422e-01
6.949152542372881713e-01
7.033898305084745894e-01
7.118644067796610075e-01
7.203389830508474256e-01
7.288135593220339548e-01
7.372881355932203729e-01
7.457627118644067910e-01
7.542372881355932090e-01
7.627118644067796271e-01
7.711864406779660452e-01
7.796610169491524633e-01
7.881355932203389925e-01
7.966101694915254106e-01
8.050847457627119397e-01
8.135593220338983578e-01
8.220338983050847759e-01
8.305084745762711940e-01
8.389830508474576121e-01
8.474576271186440302e-01
8.559322033898304483e-01
8.644067796610168664e-01
8.728813559322033955e-01
8.813559322033898136e-01
8.898305084745763427e-01
8.983050847457627608e-01
9.067796610169491789e-01
9.152542372881355970e-01
9.237288135593220151e-01
9.322033898305084332e-01
9.406779661016948513e-01
9.491525423728813804e-01
9.576271186440677985e-01
9.661016949152542166e-01
9.745762711864407457e-01
9.830508474576271638e-01
9.915254237288135819e-01
1.000000000000000000e+00