9.900989942252639425e-03
1.097065451966799943e-02
1.215586534628699915e-02
1.454024328436360168e-02
2.047225923759459984e-02
2.642015273100079692e-02
3.584873898191460323e-02
4.752898462056549811e-02
6.369766901398750403e-02
8.530031172222089786e-02
1.145673673361500000e-01
1.544014268253879885e-01
2.076088131888909893e-01
2.679868143128409930e-01
3.187885872933399756e-01
3.685324688868180099e-01
4.171869546422009578e-01
4.697179675544619903e-01
5.214637528648089493e-01
5.741351184148949516e-01
6.253732890635700370e-01
6.732950061791209695e-01
7.182419721967749915e-01
7.665077627046330555e-01
8.151420789712640058e-01
8.602417410566030043e-01
9.071585062958149592e-01
9.583259517515411163e-01
1.000974491434440061e+00
