9.900990099009901110e-03
1.093414191804346902e-02
1.333511814686541910e-02
1.626331340622498567e-02
1.983449733007644142e-02
2.418986097599656535e-02
2.950159922108551089e-02
3.597971905146971766e-02
4.388034322914174945e-02
5.351583921373274239e-02
6.526717233366054194e-02
7.959897707151417090e-02
9.707795883676816062e-02
1.167388977495356223e-01
1.351281533138130042e-01
1.506899212438017888e-01
1.643293543550745639e-01
1.774903400799623110e-01
1.899491215174471392e-01
2.017830128873034645e-01
2.131969470067406891e-01
2.248981027034408220e-01
2.365190796544522356e-01
2.486628799559923442e-01
2.604176405369806879e-01
2.716694494244732971e-01
2.823938226128394624e-01
2.930770015991113198e-01
3.039243412921357468e-01
3.146916967331658266e-01
3.255640879245906283e-01
3.365244222600403678e-01
3.472290676632264206e-01
3.576498807365108834e-01
3.681613096722133327e-01
3.790703452426855691e-01
3.903466507809269515e-01
4.018932736536411365e-01
4.135496791630790536e-01
4.251250278927773962e-01
4.364240617795306920e-01
4.477171587991413126e-01
4.589062394209262319e-01
4.700733903920960022e-01
4.813918764647713289e-01
4.927339277539398155e-01
5.041845824050869007e-01
5.155241412779462129e-01
5.269640106966284598e-01
5.384799297423912279e-01
5.499366339818415605e-01
5.613017488474567607e-01
5.728135474262840976e-01
5.846198026612197118e-01
5.965533992079889991e-01
6.089332688450059816e-01
6.215558499362947575e-01
6.344118311379591812e-01
6.472896568131790707e-01
6.600517668684552364e-01
6.727984873737479221e-01
6.855750541900743622e-01
6.982616648602600895e-01
7.109211896693011790e-01
7.237907567724135571e-01
7.368501965959209921e-01
7.502580956190915140e-01
7.638602119167241522e-01
7.775920633242530133e-01
7.914416516722897477e-01
8.056421021500623780e-01
8.197039787648279230e-01
8.335098385438656221e-01
8.468839510782163460e-01
8.601409779278166301e-01
8.734899936661301156e-01
8.871429863872236643e-01
9.012987080408754181e-01
9.161459782953921271e-01
9.317902333438110585e-01
9.483531368780445669e-01
9.656522429735402424e-01
9.836292742013973411e-01
1.000000000000000000e+00