4.761904761904761640e-02
8.115145691793196336e-02
1.087123634428597829e-01
1.331217970310945575e-01
1.554628943626273629e-01
1.762977807768927041e-01
1.959656505624800815e-01
2.146909153296335526e-01
2.326320391022124456e-01
2.499059208143319388e-01
2.666019906142129137e-01
2.827905967169503376e-01
2.985280476159803964e-01
3.138610035529318942e-01
3.288284268152391054e-01
3.434622889408602275e-01
3.577907360094644273e-01
3.718381408304818891e-01
3.856246704864726982e-01
3.991689924720563942e-01
4.124872810470597839e-01
4.255939099210654941e-01
4.385017256103636574e-01
4.512227145377994963e-01
4.637664164855729299e-01
4.761427071136630773e-01
4.883601813415022752e-01
5.004266904022451889e-01
5.123494363660443529e-01
5.241350476816540871e-01
5.357896075629171584e-01
5.473187576211864247e-01
5.587277276925241010e-01
5.700213774768819741e-01
5.812042328587082585e-01
5.922805177344859784e-01
6.032541820003113342e-01
6.141289262595003295e-01
6.249082237087556502e-01
6.355953396058449112e-01
6.461933485914336250e-01
6.567051501924999757e-01
6.671334933199712935e-01
6.774809359299277522e-01
6.877499619751551441e-01
6.979430111524709268e-01
7.080619146309402590e-01
7.181091456751649282e-01
7.280866491314536004e-01
7.379961211872803073e-01
7.478400350255081097e-01
7.576187600118522436e-01
7.673354874585732732e-01
7.769907026009852391e-01
7.865858960100883257e-01
7.961233050250909882e-01
8.056043804014039189e-01
8.150295581507818188e-01
8.244001931851865361e-01
8.337186055814241881e-01
8.429848259128899235e-01
8.522004204166199193e-01
8.613664494317930798e-01
8.704840382887589767e-01
8.795539979215227788e-01
8.885774790909276577e-01
8.975553835196857788e-01
9.064886044882030092e-01
9.153776905175518008e-01
9.242245613914084057e-01
9.330288473050345477e-01
9.417918037387985608e-01
9.505142055247223221e-01
9.591967684561791829e-01
9.678402105126011623e-01
9.764452273479083955e-01
9.850124887355732328e-01
9.935427733973271058e-01
1.000000000000000000e+00
