9.900989942252639425e-03
1.097065451966799943e-02
1.215586534628699915e-02
1.492417596965560193e-02
2.015215332377470053e-02
2.747367573061069990e-02
3.668453000958830229e-02
4.769168191650999256e-02
6.411705309305519573e-02
8.585793936102900648e-02
1.144669151826299969e-01
1.549563839435439960e-01
2.072226168993719642e-01
2.684740363192790191e-01
3.189125969448809994e-01
3.684725299487149885e-01
4.172461328994769847e-01
4.699802892337529570e-01
5.216206979418119838e-01
5.742573615452060132e-01
6.247915560202099705e-01
6.739716992538290485e-01
7.184357645175100116e-01
7.662066536439340325e-01
8.150119430715490054e-01
8.608604918591330479e-01
9.077446813563631034e-01
9.584032338590670053e-01
1.001312099217370077e+00
