9.900990099009901110e-03
1.093414191804346902e-02
1.472661554290466759e-02
1.983449733007644142e-02
2.671403332445218201e-02
3.597971905146971766e-02
4.845919165758927338e-02
6.526717233366054194e-02
8.790508319723347452e-02
1.183953285245564757e-01
1.592291467446859676e-01
2.034856863457898124e-01
2.467737536346159832e-01
2.841456787271994244e-01
3.221029313459192189e-01
3.593183387842268650e-01
3.946785792726766884e-01
4.306092473339674931e-01
4.663011579838561849e-01
4.981307119152064700e-01
5.319891370320544155e-01
5.703573655423349598e-01
6.094636195007857582e-01
6.485928352742463820e-01
6.844960061108660287e-01
7.183962120531516282e-01
7.548340091888241510e-01
7.925977185830704874e-01
8.289640290034211434e-01
8.622247544722286827e-01
8.952365998876262720e-01
9.320433359319407751e-01
9.741018817878510649e-01
1.000000000000000000e+00
