4.761904761904761640e-02
8.115145691793196336e-02
1.087123634428597829e-01
1.331218219372229394e-01
1.554628045206082887e-01
1.762977654756669177e-01
1.959656309447538325e-01
2.146908861644683808e-01
2.326320763547196635e-01
2.499059811089411054e-01
2.666019104577194154e-01
2.827903397097769611e-01
2.985279963992848451e-01
3.138610320759697148e-01
3.288282078157109822e-01
3.434622543350592250e-01
3.577907604593483226e-01
3.718378562355498240e-01
3.856244280168320548e-01
3.991689155742151329e-01
4.124872449067599756e-01
4.255939139244046543e-01
4.385017691643709470e-01
4.512223517485118296e-01
4.637660790096593266e-01
4.761425188030887767e-01
4.883600176878101773e-01
5.004265511246666076e-01
5.123493152816223084e-01
5.241349266685085828e-01
5.357894866150457736e-01
5.473186367319219370e-01
5.587276068542981200e-01
5.700212566797027147e-01
5.812042363357038388e-01
5.922805212386524909e-01
6.032541855391504448e-01
6.141289298302242683e-01
6.249082273116505215e-01
6.355953432328952379e-01
6.461933522232041760e-01
6.567051538322061788e-01
6.671334997374294140e-01
6.774809395758203401e-01
6.877499656137030515e-01
6.979429244073720451e-01
7.080619325916989171e-01
7.181091492821248812e-01
7.280865919320090862e-01
7.379962286735711752e-01
7.478395643894775180e-01
7.576186441854985132e-01
7.673351151726507391e-01
7.769903304245084907e-01
7.865859475769487741e-01
7.961233769802505966e-01
8.056040033770799358e-01
8.150292041244913133e-01
8.244002211332814856e-01
8.337182003356340410e-01
8.429844408089751662e-01
8.522000737776869173e-01
8.613661020066610829e-01
8.704835839580357115e-01
8.795536006701164533e-01
8.885772151710171762e-01
8.975550473657020190e-01
9.064883090015295464e-01
9.153777841022763262e-01
9.242242293607617620e-01
9.330285566658917951e-01
9.417915378069368071e-01
9.505139331697152194e-01
9.591964681676241611e-01
9.678399548696642318e-01
9.764450349063529266e-01
9.850122492961004284e-01
9.935423853693119423e-01
1.000000000000000000e+00
