9.900990099009901110e-03
1.268948005109220116e-02
2.084367251378150057e-02
3.423771021863067365e-02
5.623872122845743893e-02
9.237773095555296132e-02
1.434073317123950309e-01
1.823770378620712673e-01
2.189501293949356053e-01
2.569624306764423660e-01
2.935936001194944800e-01
3.288170660134167589e-01
3.619019160018753234e-01
3.909684959105005353e-01
4.215138907517790856e-01
4.526039695621656422e-01
4.799347290808979039e-01
5.072383131785017651e-01
5.384496630223003510e-01
5.748126530703192572e-01
6.088224109713956667e-01
6.487754041640828584e-01
6.924910973654827551e-01
7.334669981145272022e-01
7.789408998586851984e-01
8.290780041088863239e-01
8.828314929507012909e-01
9.390141405049867718e-01
9.967325228531560555e-01
1.000000000000000000e+00