9.900990099009901110e-03
1.148416557808557177e-02
1.545044840321795586e-02
2.078656565980372892e-02
2.796561806323973054e-02
3.762410412426647061e-02
5.061836033457939310e-02
6.810051036065989383e-02
9.162069872298383988e-02
1.232648185026402332e-01
1.627034197525153991e-01
1.968111884302288783e-01
2.260045567200162919e-01
2.555770754900659747e-01
2.809549037108614589e-01
3.066468624525444664e-01
3.322751511181881723e-01
3.572287734341340615e-01
3.830581640944518695e-01
4.081246523673310866e-01
4.342103699179877263e-01
4.585889365677240925e-01
4.792495557011893781e-01
5.019038138552556205e-01
5.263124137606071118e-01
5.539224358343250998e-01
5.802236831590417143e-01
6.074465940882693982e-01
6.346213837471982311e-01
6.614138033252642268e-01
6.867852976240117480e-01
7.104517343465336365e-01
7.349238650506039194e-01
7.600068075339334595e-01
7.864264276959319622e-01
8.129548012566560899e-01
8.392983571461728465e-01
8.642984244215059508e-01
8.876614212447216934e-01
9.119528726618825187e-01
9.382494086738768502e-01
9.671070153009236892e-01
9.984396033220986899e-01
1.000000000000000000e+00