4.761904761904761640e-02
4.882154882154882136e-02
5.002405002405001938e-02
5.122655122655122434e-02
5.242905242905242236e-02
5.363155363155362731e-02
5.483405483405483227e-02
5.603655603655603723e-02
5.723905723905723525e-02
5.844155844155843327e-02
5.964405964405963823e-02
6.084656084656084318e-02
6.204906204906204814e-02
6.325156325156325310e-02
6.445406445406445806e-02
6.565656565656564914e-02
6.685906685906685409e-02
6.806156806156805905e-02
6.926406926406925013e-02
7.046657046657045509e-02
7.166907166907166005e-02
7.287157287157286500e-02
7.407407407407406996e-02
7.527657527657527492e-02
7.647907647907647988e-02
7.768157768157767096e-02
7.888407888407887592e-02
8.008658008658008087e-02
8.128908128908128583e-02
8.249158249158247691e-02
8.369408369408368187e-02
8.489658489658488683e-02
8.609908609908609178e-02
8.730158730158729674e-02
8.850408850408850170e-02
8.970658970658970666e-02
9.090909090909089774e-02
9.211159211159210269e-02
9.331409331409330765e-02
9.451659451659449873e-02
9.571909571909570369e-02
9.692159692159690865e-02
9.812409812409811360e-02
9.932659932659931856e-02
1.005291005291005235e-01
1.017316017316017285e-01
1.029341029341029334e-01
1.041366041366041245e-01
1.053391053391053295e-01
1.065416065416065344e-01
1.077441077441077255e-01
1.089466089466089305e-01
1.101491101491101354e-01
1.113516113516113404e-01
1.125541125541125453e-01
1.137566137566137503e-01
1.149591149591149553e-01
1.161616161616161463e-01
1.173641173641173513e-01
1.185666185666185563e-01
1.197691197691197612e-01
1.209716209716209662e-01
1.221741221741221572e-01
1.233766233766233622e-01
1.245791245791245672e-01
1.257816257816257721e-01
1.269841269841269771e-01
1.281866281866281820e-01
1.293891293891293870e-01
1.305916305916305920e-01
1.317941317941317969e-01
1.329966329966330019e-01
1.341991341991341791e-01
1.354016354016353840e-01
1.366041366041365890e-01
1.378066378066377939e-01
1.390091390091389989e-01
1.402116402116402039e-01
1.414141414141413811e-01
1.426166426166425860e-01
1.438191438191437910e-01
1.450216450216449959e-01
1.462241462241462009e-01
1.474266474266474058e-01
1.486291486291486108e-01
1.498316498316498158e-01
1.510341510341510207e-01
1.522366522366522257e-01
1.534391534391534306e-01
1.546416546416546356e-01
1.558441558441558406e-01
1.570466570466570455e-01
1.582491582491582505e-01
1.594516594516594554e-01
1.606541606541606326e-01
1.618566618566618376e-01
1.630591630591630425e-01
1.642616642616642475e-01
1.654641654641654525e-01
1.666666666666666574e-01