9.900990099009901110e-03
1.066323635865441301e-02
1.434599505138956302e-02
1.930066738961373762e-02
2.596653480283052026e-02
3.493459571967132832e-02
4.699996904018260285e-02
6.323241014339449351e-02
8.507121792880752154e-02
1.144530595323743488e-01
1.527780114386103338e-01
1.904235827845388862e-01
2.234532103417088689e-01
2.541784976604218316e-01
2.832535662890220962e-01
3.104691125859284084e-01
3.371949131516952525e-01
3.637845071100452854e-01
3.899933397521269107e-01
4.171040975368578430e-01
4.447735076999226878e-01
4.727859205875171167e-01
5.012550078747283200e-01
5.295731916259123206e-01
5.576399877404371042e-01
5.856930258361300323e-01
6.141799956111241299e-01
6.433425661974963017e-01
6.726210586948958570e-01
7.023018688069656568e-01
7.313456404367925101e-01
7.613609893002966089e-01
7.928249225105560294e-01
8.243962584211611544e-01
8.558552016353943026e-01
8.878588890503673614e-01
9.219692694635752694e-01
9.594391227468803685e-01
1.000000000000000000e+00