9.900990099009901110e-03
1.093414191804346902e-02
1.472661554290466759e-02
1.983449733007644142e-02
2.671403332445218201e-02
3.597971905146971766e-02
4.845919165758927338e-02
6.526717233366054194e-02
8.790508319723347452e-02
1.183953285245564757e-01
1.594624692533230248e-01
2.046925490220799504e-01
2.474625905985101126e-01
2.839462680858997334e-01
3.207100162521705489e-01
3.564603980469080446e-01
3.923494835836827677e-01
4.287783175442498318e-01
4.655096626863408638e-01
4.977616568197887892e-01
5.343028746057999490e-01
5.713821953007365284e-01
6.095820226868405856e-01
6.482831305160514646e-01
6.854881659703446761e-01
7.184027301686780609e-01
7.532250881074363802e-01
7.903685636801690562e-01
8.265157837596233126e-01
8.596794732413394202e-01
8.918517995219668038e-01
9.269655731841733859e-01
9.669872330788497061e-01
1.000000000000000000e+00