9.900990000000000138e-03
1.990199008673541187e-02
2.990299009774697453e-02
3.990399014477483131e-02
4.990499023098481091e-02
5.990598986857713359e-02
6.990698957743730901e-02
7.990799059020700645e-02
8.990899084419069764e-02
9.990998962128734562e-02
1.099109900277572271e-01
1.199119903214500016e-01
1.299129902947403215e-01
1.399139908708297853e-01
1.499149890609688118e-01
1.599159895528850794e-01
1.699169894493220145e-01
1.799179909497345686e-01
1.899189907843616409e-01
1.999199900531849206e-01
2.099209885623275484e-01
2.199219895241494860e-01
2.299229911020464201e-01
2.399239903808148833e-01
2.499249890356664561e-01
2.599259924708684499e-01
2.699269913197927528e-01
2.799279923290817762e-01
2.899289916973199488e-01
2.999299903011696800e-01
3.099309895176352581e-01
3.199319910563209191e-01
3.299329894126406537e-01
3.399339919709269964e-01
3.499349921970002497e-01
3.599359902869998518e-01
3.699369894208591192e-01
3.799379901690583261e-01
3.899389922528998520e-01
3.999399880121071726e-01
4.099409925372073382e-01
4.199419917110182032e-01
4.299429912080552363e-01
4.399439932779269369e-01
4.499449876711725804e-01
4.599459897472729097e-01
4.699469946075036098e-01
4.799479897451750521e-01
4.899489926571007903e-01
4.999499870109790911e-01
5.099509873146289562e-01
5.199519909925580663e-01
5.299529924388364233e-01
5.399539932783308238e-01
5.499549887870138765e-01
5.599559943081080515e-01
5.699569891419208334e-01
5.799579864854566003e-01
5.899589915357911218e-01
5.999599880746641078e-01
6.099609886390402469e-01
6.199619956473756410e-01
6.299629926452177120e-01
6.399639913108949862e-01
6.499649949914318992e-01
6.599659939723505619e-01
6.699669961105662042e-01
6.799679912437701645e-01
6.899689963811889148e-01
6.999699855309574614e-01
7.099709850917993448e-01
7.199719927023109367e-01
7.299729901585706449e-01
7.399739964281264459e-01
7.499749967573026144e-01
7.599759971642824352e-01
7.699769913164293822e-01
7.799779922924311437e-01
7.899789858535248843e-01
7.999799905611808537e-01
8.099809976382348342e-01
8.199819912112719100e-01
8.299829848125658271e-01
8.399839887002457095e-01
8.499849896637811097e-01
8.599859888785704731e-01
8.699869979258487707e-01
8.799879893703949074e-01
8.899889972049692677e-01
8.999899923697669557e-01
9.099909846505684907e-01
9.199919894014485511e-01
9.299929921634668695e-01
9.399939919865047955e-01
9.499949988107900811e-01
9.599959978041011643e-01
9.699969949870456132e-01
9.799979985271719540e-01
9.899989989719345518e-01
1.000000000000000000e+00
