9.900990099009899376e-03
1.093645469746679956e-02
1.208021014519419963e-02
1.334358168914159988e-02
1.473907898301470010e-02
1.628051995020270148e-02
1.798315423622120005e-02
1.986229002141350064e-02
2.193519632507980044e-02
2.422190232038389998e-02
2.674450322786439682e-02
2.952738624698480335e-02
3.259744962489279779e-02
3.598435220253860117e-02
3.972072891760700108e-02
4.384264713304549671e-02
4.838994404894739892e-02
5.340644972397679685e-02
5.894051914234029604e-02
6.504550968134589772e-02
7.175197324676320376e-02
7.839019663861179765e-02
8.447292585650900687e-02
9.020658692707329840e-02
9.533178455222320047e-02
1.000792591800920006e-01
1.048614442002380048e-01
1.094721666873889887e-01
1.139567337201800035e-01
1.183933784490059926e-01
1.225128823060900041e-01
1.264912161656960021e-01
1.306390213717059934e-01
1.346854980936260104e-01
1.387523549732009864e-01
1.426287565143870006e-01
1.464606546688289879e-01
1.503568023862880132e-01
1.541715380947960012e-01
1.579920569017370102e-01
1.618225198668760134e-01
1.656955896470189982e-01
1.697011043721740053e-01
1.737437285874240123e-01
1.776361735512690110e-01
1.814107728322109925e-01
1.850677328782930064e-01
1.886651245294710122e-01
1.922308509362480045e-01
1.957703581273720073e-01
1.993233447378629786e-01
2.028568478184300250e-01
2.063968305687640392e-01
2.099223470751860054e-01
2.134408696373630010e-01
2.169259046375680289e-01
2.204384388299559794e-01
2.239000371820519808e-01
2.274547410184649954e-01
2.309457120557099896e-01
2.343370461549810213e-01
2.376877672872549641e-01
2.410762913051509859e-01
2.445148205497710281e-01
2.479615857147099978e-01
2.514167834655839928e-01
2.549407534573709944e-01
2.585191685575469744e-01
2.621316101867030013e-01
2.657658164079890195e-01
2.694378213575689962e-01
2.731726457216259729e-01
2.768516652418610002e-01
2.805137804248870048e-01
2.841325014832459805e-01
2.877142813079919814e-01
2.913154400142070055e-01
2.949041794474139833e-01
2.985110758043970081e-01
3.020896319635429927e-01
3.055703697016399767e-01
3.089956909725279921e-01
3.123646094856439848e-01
3.156796956145659916e-01
3.190169043482469768e-01
3.223748548376900169e-01
3.257464420034459907e-01
3.291152675851499732e-01
3.325064764065119860e-01
3.358771684758419807e-01
3.392735786574869739e-01
3.426536907532239939e-01
3.460362572429980244e-01
3.494485324479559840e-01
3.528268850319459804e-01
3.561596272411660102e-01
3.594838366789839812e-01
3.627809803353609919e-01
3.660895730449720276e-01
3.693812708131509748e-01
3.726518983132939833e-01
3.759421214513550824e-01
3.792574824044980253e-01
3.825615100944420033e-01
3.858887122911540124e-01
3.892694877619409799e-01
3.927125055438669965e-01
3.961569715321610063e-01
3.996062064206429287e-01
4.030555342137069896e-01
4.064984685887220173e-01
4.099513132905630575e-01
4.134251218640779268e-01
4.168367927776639448e-01
4.202444681300770424e-01
4.236452346551359827e-01
4.269833985986120073e-01
4.302752314508709874e-01
4.334967975135660123e-01
4.365816890511379778e-01
4.396653059253000095e-01
4.427629611091860040e-01
4.458617877991850054e-01
4.490495825852049427e-01
4.523236445384070104e-01
4.556062781386470140e-01
4.589342490002760178e-01
4.623044111425130831e-01
4.657121703753729358e-01
4.691770334159420797e-01
4.726901761566899562e-01
4.762332060316820104e-01
4.798011907301880097e-01
4.833590249390780080e-01
4.869274372622600100e-01
4.904957656447289649e-01
4.940648438462200143e-01
4.975764696342610538e-01
5.010546518526539650e-01
5.044824476624519827e-01
5.078650022913090423e-01
5.111784568911980076e-01
5.144581045284879472e-01
5.176148024883580057e-01
5.207680064660290542e-01
5.239404597012119469e-01
5.270475653381010428e-01
5.301473286332579749e-01
5.332558170930979946e-01
5.364072938052839579e-01
5.395927436923250164e-01
5.428065258718719477e-01
5.460325445550040513e-01
5.493094614167780554e-01
5.526123964494660257e-01
5.559054099024599571e-01
5.592383835445550178e-01
5.625861319245349934e-01
5.659605448099720437e-01
5.693440459946389476e-01
5.727683612599719920e-01
5.762471492975299592e-01
5.797507076965869866e-01
5.832529274131820207e-01
5.867567891155219817e-01
5.903030271207260204e-01
5.938561621122310230e-01
5.973901629029719773e-01
6.009370019512050298e-01
6.044973952973310416e-01
6.080654435816359449e-01
6.115735290146070424e-01
6.150526082112189874e-01
6.185085972210959682e-01
6.219499199403980549e-01
6.253865711598339816e-01
6.288097920618750392e-01
6.322531172215799522e-01
6.357174501243140208e-01
6.391926759641139988e-01
6.426995049629009582e-01
6.462382776907530380e-01
6.498147433218649516e-01
6.534173461665180316e-01
6.570286543644869859e-01
6.606719805166469950e-01
6.643366772543529697e-01
6.679354156345780336e-01
6.714527564242579460e-01
6.748760436200079704e-01
6.782589955896149991e-01
6.815799995849509685e-01
6.848714986085849832e-01
6.881562015389719456e-01
6.914455220831490223e-01
6.947812997800180135e-01
6.981779366176099622e-01
7.016361710369669602e-01
7.051318481044419606e-01
7.086402699917040415e-01
7.121541588392670263e-01
7.157102628728969629e-01
7.193078517528129767e-01
7.229202466703470442e-01
7.265745129998120166e-01
7.302877077332730060e-01
7.340565490865680331e-01
7.378986154321890423e-01
7.417850881935820206e-01
7.457335573121309791e-01
7.497441822341840423e-01
7.537864703065989547e-01
7.579151716918358650e-01
7.621203872164270532e-01
7.664030602727820440e-01
7.707778345502188655e-01
7.752500374444648568e-01
7.797302606082749943e-01
7.842509710598510875e-01
7.888677496994329630e-01
7.935405063227389810e-01
7.981877106275300227e-01
8.028826734068870152e-01
8.077179425487018838e-01
8.126098210391941024e-01
8.175917265259480260e-01
8.226409315615169637e-01
8.276974573995939943e-01
8.327872543837350205e-01
8.379657790808540119e-01
8.431861338666559735e-01
8.483512542296689496e-01
8.535791629382071255e-01
8.589001988730350368e-01
8.642083328399290387e-01
8.694563976022140483e-01
8.747653273862869838e-01
8.800563169204750347e-01
8.854105942213601477e-01
8.908248832276790541e-01
8.963254805723671614e-01
9.018654931838900879e-01
9.074734810351740011e-01
9.130348138170918393e-01
9.187049120204240360e-01
9.244857014190941413e-01
9.302987118084120599e-01
9.361841673276429798e-01
9.420658447910611466e-01
9.479863107308220682e-01
9.540078433328841312e-01
9.600271459066939128e-01
9.660696167898650266e-01
9.721692991629949931e-01
9.782905225409439520e-01
9.845258337521248793e-01
9.907575444676570697e-01
9.969904376540630331e-01
1.000000000001910028e+00
