9.900989942252639425e-03
1.097065451966799943e-02
1.215586534628699915e-02
1.492417596965560193e-02
2.030251110359599861e-02
2.736531779722830085e-02
3.717626214479530233e-02
4.935159774431400331e-02
6.387114252236840428e-02
8.547468917490069762e-02
1.160832435477940072e-01
1.558703902214760018e-01
2.074791470709040075e-01
2.690623738939180165e-01
3.189859893522760115e-01
3.693365377149980255e-01
4.170813489937989504e-01
4.705229842812010399e-01
5.221746475955809652e-01
5.743947343458229993e-01
6.254027065937070029e-01
6.741478097508499800e-01
7.182689582456880384e-01
7.662715271734610312e-01
8.149313937456049706e-01
8.606188526093561109e-01
9.077146794240699146e-01
9.574720630119679665e-01
1.001125292142309942e+00
