9.900990099009901110e-03
1.066323635887272622e-02
1.434599505377466902e-02
1.930066739974244105e-02
2.596653483881515220e-02
3.493459584245595106e-02
4.699996944623161671e-02
6.323241148546855650e-02
8.507122232430397446e-02
1.144530739308754624e-01
1.539844093242278833e-01
2.071747477529985726e-01
2.679064127347424717e-01
3.200264617541414003e-01
3.703590876630880602e-01
4.197169918727239879e-01
4.730129206152906551e-01
5.250637307785787078e-01
5.783997301683533321e-01
6.294170555430437242e-01
6.770581250173915988e-01
7.217437996313583737e-01
7.704175305459917134e-01
8.189226133431455334e-01
8.648288421162014794e-01
9.123664650479158533e-01
9.642494470036409027e-01
1.000000000000000444e+00