5.114147865838347684e-01
5.125589005796872266e-01
5.148903037938948879e-01
5.172388311202501532e-01
5.196044825587532445e-01
5.219872581094041619e-01
5.243871577722029054e-01
5.268041815471493639e-01
5.292383294342436484e-01
5.316896014334856480e-01
5.341579975448755846e-01
5.366435177684132363e-01
5.391461621040986030e-01
5.416659305519319068e-01
5.442028231119129256e-01
5.467568397840417704e-01
5.493279805683183303e-01
5.519162454647427163e-01
5.545216344733149283e-01
5.571441475940349664e-01
5.597837848269027194e-01
5.624405461719182986e-01
5.651144316290817038e-01
5.678054411983928240e-01
5.705135748798517703e-01
5.732388326734585426e-01
5.759812145792130300e-01
5.787407205971153434e-01
5.815173507271654829e-01
5.843111049693633374e-01
5.871219833237090180e-01
5.899499857902025246e-01
5.927951123688437463e-01
5.956573630596327940e-01
5.985367378625696677e-01
6.014332367776542565e-01
6.043468598048866713e-01
6.072776069442669122e-01
6.102254781957949792e-01
6.131904735594707612e-01
6.161725930352943692e-01
6.191718366232658033e-01
6.221882043233849524e-01
6.252216961356519276e-01
6.282723120600667288e-01
6.313400520966292451e-01
6.344249162453395874e-01
6.375269045061977558e-01
6.406460168792036391e-01
6.437822533643573486e-01
6.469356139616588841e-01
6.501060986711081346e-01
6.532937074927052112e-01
6.564984404264501139e-01
6.597202974723427316e-01
6.629592786303831753e-01
6.662153839005714451e-01
6.694886132829075409e-01
6.727789667773913518e-01
6.760864443840229887e-01
6.794110461028024517e-01
6.827527719337296297e-01
6.861116218768046338e-01
6.894875959320274639e-01
6.928806940993980090e-01
6.962909163789163802e-01
6.997182627705825775e-01
7.031627332743964898e-01
7.066243278903582281e-01
7.101030466184677925e-01
7.135988894587250719e-01
7.171118564111301774e-01
7.206419474756831089e-01
7.241891626523837555e-01
7.277535019412322281e-01
7.313349653422285268e-01
7.349335528553726515e-01
7.385492644806644913e-01
7.421821002181041571e-01
7.458320600676916490e-01
7.494991440294268559e-01
7.531833521033098888e-01
7.568846842893407478e-01
7.606031405875193219e-01
7.643387209978457220e-01
7.680914255203199481e-01
7.718612541549418893e-01
7.756482069017116565e-01
7.794522837606292498e-01
7.832734847316945581e-01
7.871118098149076925e-01
7.909672590102686529e-01
7.948398323177773284e-01
7.987295297374338299e-01
8.026363512692381574e-01
8.065602969131903111e-01
8.105013666692901797e-01
8.144595605375378744e-01
8.184348785179333952e-01
8.224273206104766309e-01
8.264368868151676928e-01
8.304635771320065807e-01
8.345073915609931836e-01
8.385683301021276126e-01
8.426463927554098676e-01
8.467415795208398377e-01
8.508538903984176338e-01
8.549833253881432560e-01
8.591298844900165932e-01
8.632935677040377564e-01
8.674743750302067458e-01
8.716723064685234501e-01
8.758873620189879805e-01
8.801195416816003370e-01
8.843688454563605195e-01
8.886352733432684170e-01
8.929188253423241406e-01
8.972195014535276902e-01
9.015373016768789549e-01
9.058722260123780456e-01
9.102242744600249624e-01
9.145934470198195942e-01
9.189797436917620521e-01
9.233831644758523360e-01
9.278037093720903350e-01
9.322413783804761600e-01
9.366961715010098111e-01
9.411680887336911772e-01
9.456571300785203693e-01
9.501632955354973875e-01
9.546865851046222318e-01
9.592269987858947911e-01
9.637845365793151764e-01
9.683591984848833878e-01
9.729509845025993142e-01
9.775598946324630667e-01
9.821859288744746452e-01
9.868290872286339388e-01
9.914893696949410584e-01
9.961667762733960041e-01
1.000000000000000000e+00