9.900990099009899376e-03
1.040585074550109956e-02
1.093645469746679956e-02
1.149411462823709922e-02
1.208021014519419963e-02
1.269619120271769930e-02
1.334358168914159988e-02
1.402398319659010212e-02
1.473907898301470010e-02
1.549063813622410246e-02
1.628051995020270148e-02
1.711067852453020122e-02
1.798316759827070163e-02
1.890014563027059974e-02
1.986388113841600078e-02
2.087675831103320140e-02
2.194128290428500050e-02
2.306008844011580433e-02
2.423594272003589539e-02
2.547175467080459860e-02
2.677058153888259989e-02
2.813563645137169902e-02
2.957029636205029885e-02
3.107811040204150332e-02
3.266280865562919827e-02
3.432831138275359989e-02
3.607873871078710187e-02
3.791842081930150293e-02
3.985190864270159866e-02
4.188398511681030306e-02
4.401967699674819851e-02
4.626426727475999728e-02
4.862330822799699331e-02
5.110263512766499705e-02
5.370838064239419340e-02
5.644698997017291026e-02
5.932523673470729147e-02
6.235023968361470825e-02
6.552948022742599576e-02
6.887082085994070124e-02
7.238252450204009369e-02
7.607327481259659741e-02
7.995219751159289567e-02
8.402888276195999429e-02
8.831340865791489914e-02
9.281636586868219352e-02
9.754888348737139614e-02
1.025226561353679983e-01
1.077499723728270048e-01
1.132437444656129999e-01
1.190175395582149936e-01
1.250856123006320042e-01
1.314629389748450117e-01
1.381652531630800096e-01
1.452090829953990025e-01
1.526117900081140066e-01
1.603916096367800082e-01
1.685665540225070036e-01
1.771519844398040111e-01
1.861675181427379921e-01
1.956336137954400034e-01
2.055737715875360361e-01
2.160097830608939951e-01
2.269662880772750080e-01
2.384716106596879992e-01
2.505527343238769800e-01
2.632408441179410197e-01
2.765651664091239859e-01
2.905578157467529898e-01
3.052535391504199724e-01
3.206889361138550165e-01
3.369020592660240121e-01
3.539297121541800095e-01
3.718120509446409816e-01
3.905941989666900094e-01
4.103255894983039997e-01
4.310538260189160087e-01
4.528269102770899890e-01
4.756958374403939538e-01
4.997164763299050128e-01
5.249483601305500180e-01
5.514537645350490180e-01
5.786469849219909589e-01
6.064741544944689533e-01
6.357782677647350056e-01
6.646458252896739749e-01
6.950986568983039682e-01
7.283170574486210747e-01
7.641195711330239781e-01
8.026261173197549725e-01
8.431491842676890336e-01
8.857772490392898934e-01
9.293125032808640107e-01
9.733448986112051005e-01
1.000000000000019984e+00
