9.900990099009901110e-03
1.066323635887272622e-02
1.434599505377466902e-02
1.930066739974244105e-02
2.596653483881515220e-02
3.493459584245595106e-02
4.699996944623161671e-02
6.323241148546855650e-02
8.507122232430397446e-02
1.144530739308754624e-01
1.539844093242278833e-01
2.071747477529985726e-01
2.675139553759876554e-01
3.186586809543162646e-01
3.684300866582865819e-01
4.166564422343719820e-01
4.697015902610261473e-01
5.211426825947864661e-01
5.737754575881710561e-01
6.247228875407569992e-01
6.729448323016976596e-01
7.180721282369409986e-01
7.657623378479586629e-01
8.145738698316632442e-01
8.602158897290862472e-01
9.068003780316290507e-01
9.574121157258098647e-01
1.000000000000000444e+00