9.900989942252639425e-03
1.097065451966799943e-02
1.215586534628699915e-02
1.455847472515810204e-02
1.937290366465229882e-02
2.660065823420359674e-02
3.501005319781019809e-02
4.815503268878350285e-02
6.354673991513390408e-02
8.571333576365479379e-02
1.147941305811489843e-01
1.541553559839320131e-01
2.073882074653830010e-01
2.679571025790239980e-01
3.188639323589860242e-01
3.686652472643909828e-01
4.171973007823669422e-01
4.700623611197010665e-01
5.217339261787570237e-01
5.742804101630939462e-01
6.248564505140039582e-01
6.731760121166260324e-01
7.184616250576649765e-01
7.663148862410631423e-01
8.146438610361921295e-01
8.602307748095400219e-01
9.068444660026760973e-01
9.580542459501161234e-01
1.000241100655709925e+00
