4.761904761904761640e-02
4.785206378928102966e-02
4.808449310070452704e-02
4.831636200965842842e-02
4.854767588029809677e-02
4.877843998909570100e-02
4.900865952541934994e-02
4.923833959398381255e-02
4.946748521576286445e-02
4.969610133067563912e-02
4.992419279970687629e-02
5.015176440569631133e-02
5.037882085586926906e-02
5.060536678375324171e-02
5.083140674990903329e-02
5.105694524419868846e-02
5.128198668756328571e-02
5.150653543281688562e-02
5.173059576648152136e-02
5.195417191055970441e-02
5.217726802342036174e-02
5.239988820113370555e-02
5.262203647927109207e-02
5.284371683400118647e-02
5.306493318277003685e-02
5.328568938625054263e-02
5.350598924959721475e-02
5.372583652259248221e-02
5.394523490170553132e-02
5.416418803111626434e-02
5.438269950331486163e-02
5.460077286025034893e-02
5.481841159465442037e-02
5.503561915104807772e-02
5.525239892589374480e-02
5.546875426940952453e-02
5.568468848635863000e-02
5.590020483648805438e-02
5.611530653555582560e-02
5.632999675640128212e-02
5.654427862994209492e-02
5.675815524500239795e-02
5.697162965006069557e-02
5.718470485379873597e-02
5.739738382574122860e-02
5.760966949664467207e-02
5.782156475975110815e-02
5.803307247143941333e-02
5.824419545149687322e-02
5.845493648390523433e-02
5.866529831772550330e-02
5.887528366779755384e-02
5.908489521474828698e-02
5.929413560607058042e-02
5.950300745667426450e-02
5.971151334965345975e-02
5.991965583614074914e-02
6.012743743645477396e-02
6.033486064053229792e-02
6.054192790864281609e-02
6.074864167121803160e-02
6.095500432993946477e-02
6.116101825812882836e-02
6.136668580138831403e-02
6.157200927747659425e-02
6.177699097724519833e-02
6.198163316504772674e-02
6.218593807927581124e-02
6.238990793239302529e-02
6.259354491155134925e-02
6.279685117914332593e-02
6.299982887319527380e-02
6.320248010762261059e-02
6.340480697243845720e-02
6.360681153450509218e-02
6.380849583776296297e-02
6.400986190379176488e-02
6.421091173147507047e-02
6.441164729807510869e-02
6.461207055931088294e-02
6.481218344985557878e-02
6.501198788329370926e-02
6.521148575263611968e-02
6.541067893072698147e-02
6.560956927052855048e-02
6.580815860551142427e-02
6.600644874942650231e-02
6.620444149718973659e-02
6.640213862495585040e-02
6.659954189051708884e-02
6.679665303334052229e-02
6.699347377483927390e-02
6.719000581886074019e-02
6.738625085184306307e-02
6.758221054323801380e-02
6.777788654525719603e-02
6.797328049354064983e-02
6.816839400733255838e-02
6.836322868968686128e-02
6.855778612790265625e-02
6.875206789309877553e-02
6.894607554110025738e-02
6.913981061242012449e-02
6.933327463251345857e-02
6.952646911211324277e-02
6.971939554690476104e-02
6.991205541830838865e-02
7.010445019347029405e-02
7.029658132547463023e-02
7.048845025370413520e-02
7.068005840345269186e-02
7.087140718672281514e-02
7.106249800218064627e-02
7.125333223534555116e-02
7.144391125896475125e-02
7.163423643260806439e-02
7.182430910338574725e-02
7.201413060596756344e-02
7.220370226272475322e-02
7.239302538402879461e-02
7.258210126804150175e-02
7.277093120115199487e-02
7.295951645811313280e-02
7.314785830218048512e-02
7.333595798530581633e-02
7.352381674817989876e-02
7.371143582026420948e-02
7.389881642018633623e-02
7.408595975578606552e-02
7.427286702421713460e-02
7.445953941230473716e-02
7.464597809611331347e-02
7.483218424159342186e-02
7.501815900457753372e-02
7.520390353086928159e-02
7.538941895645655256e-02
7.557470640752021740e-02
7.575976700044238787e-02
7.594460184218783383e-02
7.612921203028216732e-02
7.631359865297693279e-02
7.649776278944338259e-02
7.668170550955351328e-02
7.686542787425525158e-02
7.704893093568281059e-02
7.723221573718805355e-02
7.741528331348779268e-02
7.759813469089925364e-02
7.778077088697604724e-02
7.796319291105553717e-02
7.814540176422023199e-02
7.832739843941965985e-02
7.850918392150425806e-02
7.869075918754553367e-02
7.887212520638060831e-02
7.905328293924263061e-02
7.923423333964689508e-02
7.941497735351024656e-02
7.959551591921303071e-02
7.977584996785519467e-02
7.995598042286834739e-02
8.013590820055502273e-02
8.031563421004220271e-02
8.049515935332951511e-02
8.067448452539537074e-02
8.085361061437526531e-02
8.103253850132123570e-02
8.121126906053142969e-02
8.138980315962535128e-02
8.156814165954943963e-02
8.174628541467705845e-02
8.192423527296492647e-02
8.210199207582352665e-02
8.227955665824700227e-02
8.245692984897223798e-02
8.263411247054429365e-02
8.281110533930551021e-02
8.298790926553256675e-02
8.316452505356641822e-02
8.333333333333332871e-02
