9.900990099009901110e-03
1.093414191804346902e-02
1.333511814686541910e-02
1.626331340622498567e-02
1.983449733007644142e-02
2.418986097599656535e-02
2.950159922108551089e-02
3.597971905146971766e-02
4.388034322914174945e-02
5.351583921373274239e-02
6.526717233366054194e-02
7.959897707151417090e-02
9.707795883676816062e-02
1.183953285245564757e-01
1.443942495114501068e-01
1.761034708710099983e-01
2.140255156811195769e-01
2.463584132930582704e-01
2.795645985144587509e-01
3.134019642210312262e-01
3.452494956177830643e-01
3.769825177501686664e-01
4.074336975806369110e-01
4.399793788473621015e-01
4.691224380691473850e-01
4.963801286552604330e-01
5.237765697903739026e-01
5.531499710440085371e-01
5.858434652234468798e-01
6.213380420517741198e-01
6.608117297258094824e-01
7.046020568448760901e-01
7.512438500221240156e-01
7.984066151990489857e-01
8.439628752309765725e-01
8.900190404887349249e-01
9.396704634747072848e-01
9.956158305590526725e-01
1.000000000000000000e+00
