Real s99_data[] = {
10000.000, 2.213,39.937,
110000.000, 2.275,39.943,
210000.000, 2.344,39.950,
310000.000, 2.404,39.956,
410000.000, 2.477,39.962,
510000.000, 2.541,39.968,
610000.000, 2.612,39.974,
710000.000, 2.692,39.979,
810000.000, 2.767,39.985,
910000.000, 2.851,39.990,
1010000.000, 2.938,39.996,
1110000.000, 3.027,40.001,
1210000.000, 3.119,40.005,
1310000.000, 3.221,40.010,
1410000.000, 3.319,40.013,
1510000.000, 3.420,40.015,
1610000.000, 3.524,40.016,
1710000.000, 3.631,40.016,
1810000.000, 3.724,40.013,
1910000.000, 3.802,40.007,
2010000.000, 3.864,39.997,
2110000.000, 3.890,39.983,
2210000.000, 3.873,39.962,
2310000.000, 3.776,39.932,
2410000.000, 4.295,39.946,
2510000.000, 5.164,39.970,
2610000.000, 6.887,40.016,
2710000.000, 8.260,40.026,
2810000.000, 9.183,40.009,
2910000.000,17.579,40.094,
3010000.000,22.387,40.202,
3110000.000,25.882,40.265,
3210000.000,26.792,40.333,
3310000.000,35.237,40.545,
3410000.000,33.963,40.534,
3510000.000,29.648,40.509,
3610000.000,25.119,40.484,
3710000.000,22.803,40.482,
3810000.000,20.701,40.454,
3910000.000,19.364,40.402,
4010000.000,18.408,40.372,
4110000.000,18.323,40.349,
4210000.000,18.450,40.335,
4310000.000,19.409,40.333,
4410000.000,20.277,40.328,
4510000.000,21.232,40.324,
4610000.000,20.464,40.319,
4710000.000,19.815,40.332,
4810000.000,18.923,40.312,
4910000.000,18.493,40.313,
5010000.000,17.865,40.301,
5110000.000,17.179,40.283,
5210000.000,16.711,40.275,
5310000.000,16.749,40.291,
5410000.000,15.812,40.269,
5510000.000,15.241,40.266,
5610000.000,14.454,40.263,
5710000.000,13.709,40.258,
5810000.000,13.152,40.255,
5910000.000,12.764,40.254,
6010000.000,12.474,40.250,
6110000.000,12.246,40.250,
6210000.000,12.078,40.250,
6310000.000,11.967,40.250,
6410000.000,11.967,40.246,
6510000.000,12.023,40.245,
6610000.000,12.246,40.244,
6710000.000,12.106,40.243,
6810000.000,12.050,40.242,
6910000.000,11.803,40.241,
7010000.000,11.455,40.241,
7110000.000,11.169,40.239,
7210000.000,10.715,40.232,
7310000.000,10.495,40.231,
7410000.000,10.280,40.229,
7510000.000,10.495,40.228,
7610000.000,10.139,40.227,
7710000.000, 9.977,40.225,
7810000.000, 9.840,40.224,
7910000.000, 9.683,40.223,
8010000.000, 9.484,40.221,
8110000.000, 9.311,40.219,
8210000.000, 9.183,40.216,
8310000.000, 8.995,40.214,
8410000.000, 8.770,40.212,
8510000.000, 8.551,40.210,
8610000.000, 8.279,40.208,
8710000.000, 7.962,40.207,
8810000.000, 7.379,40.179,
8910000.000, 7.079,40.167,
9010000.000, 6.823,40.162,
9110000.000, 6.607,40.158,
9210000.000, 6.427,40.154,
9310000.000, 6.266,40.149,
9410000.000, 6.095,40.145,
9510000.000, 5.970,40.141,
9610000.000, 5.821,40.137,
9710000.000, 5.702,40.134,
9810000.000, 5.610,40.130,
9910000.000, 5.508,40.126,
10010000.000, 5.433,40.123,
10110000.000, 5.346,40.119,
10210000.000, 5.272,40.116,
10310000.000, 5.212,40.112,
10410000.000, 5.152,40.109,
10510000.000, 5.105,40.106,
10610000.000, 5.058,40.102,
10710000.000, 5.012,40.099,
10810000.000, 4.966,40.096,
10910000.000, 4.932,40.093,
11010000.000, 4.909,40.090,
11110000.000, 4.875,40.087,
11210000.000, 4.842,40.084,
11310000.000, 4.831,40.081,
11410000.000, 4.797,40.078,
11510000.000, 4.786,40.076,
11610000.000, 4.775,40.073,
11710000.000, 4.764,40.070,
11810000.000, 4.742,40.067,
11910000.000, 4.742,40.064,
12010000.000, 4.732,40.062,
12110000.000, 4.721,40.059,
12210000.000, 4.721,40.056,
12310000.000, 4.710,40.054,
12410000.000, 4.710,40.051,
12510000.000, 4.710,40.049,
12610000.000, 4.699,40.048,
12710000.000, 4.645,40.045,
12810000.000, 4.581,40.043,
12910000.000, 4.529,40.041,
13010000.000, 4.477,40.038,
13110000.000, 4.426,40.036,
13210000.000, 4.375,40.034,
13310000.000, 4.325,40.032,
13410000.000, 4.285,40.029,
13510000.000, 4.236,40.027,
13610000.000, 4.188,40.025,
13710000.000, 4.150,40.023,
13810000.000, 4.102,40.021,
13910000.000, 4.064,40.019,
14010000.000, 4.018,40.016,
14110000.000, 3.981,40.014,
14210000.000, 3.945,40.012,
14310000.000, 3.908,40.010,
14410000.000, 3.864,40.008,
14510000.000, 3.828,40.006,
14610000.000, 3.793,40.004,
14710000.000, 3.758,40.002,
14810000.000, 3.724,40.000,
14910000.000, 3.690,39.998,
15010000.000, 3.664,39.996,
15110000.000, 3.631,39.994,
15210000.000, 3.597,39.992,
15310000.000, 3.565,39.990,
15410000.000, 3.540,39.988,
15510000.000, 3.508,39.986,
15610000.000, 3.475,39.985,
15710000.000, 3.451,39.983,
15810000.000, 3.420,39.981,
15910000.000, 3.388,39.979,
16010000.000, 3.365,39.977,
16110000.000, 3.334,39.975,
16210000.000, 3.311,39.974,
16310000.000, 3.281,39.972,
16410000.000, 3.258,39.970,
16510000.000, 3.228,39.968,
16610000.000, 3.206,39.967,
16710000.000, 3.184,39.965,
16810000.000, 3.155,39.963,
16910000.000, 3.133,39.961,
17010000.000, 3.112,39.960,
17110000.000, 3.090,39.958,
17210000.000, 3.062,39.956,
17310000.000, 3.041,39.955,
17410000.000, 3.020,39.953,
17510000.000, 2.999,39.951,
17610000.000, 2.979,39.950,
17710000.000, 2.951,39.948,
17810000.000, 2.938,39.947,
17910000.000, 2.924,39.947,
18010000.000, 2.897,39.945,
18110000.000, 2.877,39.944,
18210000.000, 2.858,39.942,
18310000.000, 2.838,39.941,
18410000.000, 2.818,39.939,
18510000.000, 2.793,39.938,
18610000.000, 2.773,39.936,
18710000.000, 2.754,39.935,
18810000.000, 2.735,39.933,
18910000.000, 2.716,39.932,
19010000.000, 2.698,39.931,
19110000.000, 2.679,39.929,
19210000.000, 2.661,39.928,
19310000.000, 2.642,39.926,
19410000.000, 2.624,39.925,
19510000.000, 2.606,39.923,
19610000.000, 2.588,39.922,
19710000.000, 2.570,39.920,
19810000.000, 2.553,39.919,
19910000.000, 2.541,39.918,
20010000.000, 2.523,39.916,
20110000.000, 2.506,39.915,
20210000.000, 2.489,39.914,
20310000.000, 2.472,39.912,
20410000.000, 2.460,39.911,
20510000.000, 2.443,39.909,
20610000.000, 2.427,39.908,
20710000.000, 2.410,39.907,
20810000.000, 2.399,39.906,
20910000.000, 2.382,39.904,
21010000.000, 2.371,39.903,
21110000.000, 2.355,39.902,
21210000.000, 2.339,39.900,
21310000.000, 2.328,39.899,
21410000.000, 2.312,39.898,
21510000.000, 2.301,39.897,
21610000.000, 2.286,39.895,
21710000.000, 2.275,39.894,
21810000.000, 2.259,39.892,
21910000.000, 2.249,39.891,
22010000.000, 2.234,39.890,
22110000.000, 2.223,39.889,
22210000.000, 2.208,39.887,
22310000.000, 2.198,39.886,
22410000.000, 2.183,39.885,
22510000.000, 2.173,39.884,
22610000.000, 2.163,39.883,
22710000.000, 2.148,39.881,
22810000.000, 2.138,39.880,
22910000.000, 2.123,39.879,
23010000.000, 2.113,39.878,
23110000.000, 2.104,39.876,
23210000.000, 2.089,39.875,
23310000.000, 2.080,39.874,
23410000.000, 2.070,39.873,
23510000.000, 2.061,39.872,
23610000.000, 2.046,39.871,
23710000.000, 2.037,39.869,
23810000.000, 2.028,39.868,
23910000.000, 2.014,39.867,
24010000.000, 2.009,39.866,
24110000.000, 1.995,39.865,
24210000.000, 1.986,39.863,
24310000.000, 1.977,39.863,
24410000.000, 1.968,39.861,
24510000.000, 1.954,39.860,
24610000.000, 1.950,39.859,
24710000.000, 1.936,39.858,
24810000.000, 1.928,39.857,
24910000.000, 1.919,39.856,
25010000.000, 1.910,39.855,
25110000.000, 1.901,39.854,
25210000.000, 1.892,39.852,
25310000.000, 1.884,39.851,
25410000.000, 1.875,39.850,
25510000.000, 1.866,39.849,
25610000.000, 1.854,39.848,
25710000.000, 1.845,39.847,
25810000.000, 1.841,39.846,
25910000.000, 1.828,39.845,
26010000.000, 1.820,39.844,
26110000.000, 1.811,39.843,
26210000.000, 1.807,39.842,
26310000.000, 1.795,39.841,
26410000.000, 1.786,39.840,
26510000.000, 1.782,39.839,
26610000.000, 1.774,39.838,
26710000.000, 1.766,39.836,
26810000.000, 1.758,39.836,
26910000.000, 1.750,39.834,
27010000.000, 1.742,39.834,
27110000.000, 1.734,39.832,
27210000.000, 1.730,39.832,
27310000.000, 1.718,39.830,
27410000.000, 1.714,39.829,
27510000.000, 1.706,39.828,
27610000.000, 1.698,39.827,
27710000.000, 1.690,39.827,
27810000.000, 1.683,39.825,
27910000.000, 1.675,39.824,
28010000.000, 1.671,39.824,
28110000.000, 1.663,39.822,
28210000.000, 1.656,39.821,
28310000.000, 1.648,39.820,
28410000.000, 1.641,39.820,
28510000.000, 1.633,39.818,
28610000.000, 1.629,39.817,
28710000.000, 1.622,39.817,
28810000.000, 1.614,39.815,
28910000.000, 1.607,39.815,
29010000.000, 1.600,39.813,
29110000.000, 1.596,39.813,
29210000.000, 1.589,39.812,
29310000.000, 1.581,39.811,
29410000.000, 1.574,39.810,
29510000.000, 1.570,39.809,
29610000.000, 1.563,39.808,
29710000.000, 1.556,39.807,
29810000.000, 1.549,39.806,
29910000.000, 1.545,39.805,
30010000.000, 1.538,39.804,
30110000.000, 1.531,39.804,
30210000.000, 1.524,39.802,
30310000.000, 1.521,39.801,
30410000.000, 1.567,39.816,
30510000.000, 1.589,39.823,
30610000.000, 1.581,39.822,
30710000.000, 1.578,39.821,
30810000.000, 1.570,39.821,
30910000.000, 1.567,39.820,
31010000.000, 1.560,39.819,
31110000.000, 1.556,39.819,
31210000.000, 1.549,39.818,
31310000.000, 1.545,39.818,
31410000.000, 1.538,39.817,
31510000.000, 1.535,39.816,
31610000.000, 1.528,39.816,
31710000.000, 1.524,39.815,
31810000.000, 1.517,39.814,
31910000.000, 1.514,39.814,
32010000.000, 1.507,39.813,
32110000.000, 1.503,39.813,
32210000.000, 1.500,39.812,
32310000.000, 1.493,39.811,
32410000.000, 1.489,39.811,
32510000.000, 1.483,39.810,
32610000.000, 1.479,39.810,
32710000.000, 1.476,39.809,
32810000.000, 1.469,39.809,
32910000.000, 1.466,39.808,
33010000.000, 1.462,39.808,
33110000.000, 1.455,39.807,
33210000.000, 1.452,39.807,
33310000.000, 1.445,39.806,
33410000.000, 1.442,39.805,
33510000.000, 1.439,39.805,
33610000.000, 1.432,39.804,
33710000.000, 1.429,39.804,
33810000.000, 1.422,39.803,
33910000.000, 1.419,39.802,
34010000.000, 1.416,39.802,
34110000.000, 1.409,39.801,
34210000.000, 1.406,39.800,
34310000.000, 1.403,39.800,
34410000.000, 1.396,39.799,
34510000.000, 1.393,39.799,
34610000.000, 1.390,39.798,
34710000.000, 1.384,39.798,
34810000.000, 1.380,39.798,
34910000.000, 1.374,39.796,
35010000.000, 1.374,39.796,
35110000.000, 1.368,39.795,
35210000.000, 1.365,39.795,
35310000.000, 1.358,39.794,
35410000.000, 1.355,39.794,
35510000.000, 1.352,39.793,
35610000.000, 1.349,39.793,
35710000.000, 1.343,39.792,
35810000.000, 1.340,39.792,
35910000.000, 1.337,39.791,
36010000.000, 1.334,39.791,
36110000.000, 1.327,39.790,
36210000.000, 1.324,39.789,
36310000.000, 1.321,39.789,
36410000.000, 1.315,39.788,
36510000.000, 1.312,39.788,
36610000.000, 1.309,39.788,
36710000.000, 1.306,39.787,
36810000.000, 1.300,39.786,
36910000.000, 1.297,39.786,
37010000.000, 1.294,39.785,
37110000.000, 1.288,39.785,
37210000.000, 1.285,39.784,
37310000.000, 1.282,39.784,
37410000.000, 1.279,39.783,
37510000.000, 1.276,39.783,
37610000.000, 1.271,39.782,
37710000.000, 1.268,39.781,
37810000.000, 1.265,39.781,
37910000.000, 1.262,39.781,
38010000.000, 1.259,39.780,
38110000.000, 1.253,39.779,
38210000.000, 0.800,39.579,
38310000.000, 0.031,35.745,
38410000.000, 0.031,35.746,
38510000.000, 0.031,35.744,
38610000.000, 0.030,35.736,
38710000.000, 0.030,35.738,
38810000.000, 0.030,35.741,
38910000.000, 0.030,35.739,
39010000.000, 0.030,35.740,
39110000.000, 0.030,35.739,
39210000.000, 0.030,35.731,
39310000.000, 0.030,35.727,
39410000.000, 0.029,35.731,
39510000.000, 0.029,35.728,
39610000.000, 0.029,35.731,
39710000.000, 0.029,35.723,
39810000.000, 0.029,35.724,
39910000.000, 0.029,35.724,
40010000.000, 0.029,35.719,
40110000.000, 0.029,35.719,
40210000.000, 0.028,35.716,
40310000.000, 0.028,35.717,
40410000.000, 0.028,35.716,
40510000.000, 0.028,35.717,
40610000.000, 0.028,35.716,
40710000.000, 0.028,35.705,
40810000.000, 0.028,35.703,
40910000.000, 0.028,35.712,
41010000.000, 0.027,35.710,
41110000.000, 0.027,35.702,
41210000.000, 0.027,35.702,
41310000.000, 0.027,35.697,
41410000.000, 0.027,35.697,
41510000.000, 0.027,35.701,
41610000.000, 0.027,35.696,
41710000.000, 0.027,35.696,
41810000.000, 0.026,35.693,
41910000.000, 0.026,35.693,
42010000.000, 0.026,35.692,
42110000.000, 0.026,35.687,
42210000.000, 0.026,35.684,
42310000.000, 0.026,35.685,
42410000.000, 0.026,35.683,
42510000.000, 0.026,35.685,
42610000.000, 0.026,35.682,
42710000.000, 0.026,35.682,
42810000.000, 0.025,35.679,
42910000.000, 0.025,35.679,
43010000.000, 0.025,35.679,
43110000.000, 0.025,35.680,
43210000.000, 0.025,35.675,
43310000.000, 0.025,35.675,
43410000.000, 0.025,35.669,
43510000.000, 0.024,35.673,
43610000.000, 0.024,35.669,
43710000.000, 0.024,35.661,
43810000.000, 0.024,35.666,
43910000.000, 0.024,35.670,
44010000.000, 0.024,35.668,
44110000.000, 0.024,35.661,
44210000.000, 0.024,35.663,
44310000.000, 0.023,35.668,
44410000.000, 0.023,35.667,
44510000.000, 0.023,35.659,
44610000.000, 0.023,35.657,
44710000.000, 0.023,35.651,
44810000.000, 0.023,35.668,
44910000.000, 0.023,35.666,
45010000.000, 0.023,35.663,
45110000.000, 0.023,35.656,
45210000.000, 0.023,35.646,
45310000.000, 0.022,35.650,
45410000.000, 0.022,35.647,
45510000.000, 0.022,35.658,
45610000.000, 0.022,35.658,
45710000.000, 0.022,35.645,
45810000.000, 0.022,35.645,
45910000.000, 0.022,35.648,
46010000.000, 0.022,35.652,
46110000.000, 0.022,35.652,
46210000.000, 0.022,35.646,
46310000.000, 0.022,35.653,
46410000.000, 0.022,35.643,
46510000.000, 0.021,35.649,
46610000.000, 0.021,35.649,
46710000.000, 0.021,35.650,
46810000.000, 0.021,35.650,
46910000.000, 0.021,35.639,
47010000.000, 0.021,35.643,
47110000.000, 0.021,35.645,
47210000.000, 0.021,35.644,
47310000.000, 0.021,35.643,
47410000.000, 0.021,35.631,
47510000.000, 0.021,35.625,
47610000.000, 0.021,35.644,
47710000.000, 0.021,35.639,
47810000.000, 0.020,35.626,
47910000.000, 0.020,35.633,
48010000.000, 0.020,35.635,
48110000.000, 0.020,35.627,
48210000.000, 0.020,35.628,
48310000.000, 0.020,35.614,
48410000.000, 0.020,35.618,
48510000.000, 0.020,35.606,
48610000.000, 0.020,35.606,
48710000.000, 0.020,35.606,
48810000.000, 0.020,35.605,
48910000.000, 0.020,35.596,
49010000.000, 0.020,35.597,
49110000.000, 0.019,35.598,
49210000.000, 0.019,35.578,
49310000.000, 0.019,35.575,
49410000.000, 0.019,35.576,
49510000.000, 0.019,35.587,
49610000.000, 0.019,35.574,
49710000.000, 0.019,35.573,
49810000.000, 0.019,35.572,
49910000.000, 0.019,35.571,
50010000.000, 0.018,35.562,
50110000.000, 0.018,35.561,
50210000.000, 0.018,35.555,
50310000.000, 0.018,35.554,
50410000.000, 0.018,35.562,
50510000.000, 0.018,35.549,
50610000.000, 0.018,35.547,
50710000.000, 0.018,35.547,
50810000.000, 0.018,35.546,
50910000.000, 0.018,35.534,
51010000.000, 0.018,35.528,
51110000.000, 0.018,35.543,
51210000.000, 0.018,35.526,
51310000.000, 0.018,35.528,
51410000.000, 0.017,35.527,
51510000.000, 0.017,35.526,
51610000.000, 0.017,35.522,
51710000.000, 0.017,35.509,
51810000.000, 0.017,35.507,
51910000.000, 0.017,35.506,
52010000.000, 0.017,35.501,
52110000.000, 0.017,35.500,
52210000.000, 0.017,35.494,
52310000.000, 0.017,35.484,
52410000.000, 0.017,35.492,
52510000.000, 0.017,35.496,
52610000.000, 0.017,35.481,
52710000.000, 0.017,35.466,
52810000.000, 0.017,35.480,
52910000.000, 0.017,35.478,
53010000.000, 0.016,35.478,
53110000.000, 0.016,35.459,
53210000.000, 0.016,35.462,
53310000.000, 0.016,35.475,
53410000.000, 0.016,35.453,
53510000.000, 0.016,35.456,
53610000.000, 0.016,35.451,
53710000.000, 0.016,35.453,
53810000.000, 0.016,35.453,
53910000.000, 0.016,35.452,
54010000.000, 0.016,35.444,
54110000.000, 0.016,35.438,
54210000.000, 0.016,35.434,
54310000.000, 0.016,35.433,
54410000.000, 0.016,35.432,
54510000.000, 0.016,35.431,
54610000.000, 0.016,35.430,
54710000.000, 0.015,35.429,
54810000.000, 0.015,35.409,
54910000.000, 0.015,35.408,
55010000.000, 0.015,35.417,
55110000.000, 0.015,35.406,
55210000.000, 0.015,35.405,
55310000.000, 0.015,35.405,
55410000.000, 0.015,35.404,
55510000.000, 0.015,35.403,
55610000.000, 0.015,35.398,
55710000.000, 0.015,35.401,
55810000.000, 0.015,35.396,
55910000.000, 0.015,35.400,
56010000.000, 0.015,35.388,
56110000.000, 0.015,35.381,
56210000.000, 0.015,35.376,
56310000.000, 0.015,35.375,
56410000.000, 0.014,35.371,
56510000.000, 0.014,35.357,
56610000.000, 0.014,35.356,
56710000.000, 0.014,35.352,
56810000.000, 0.014,35.354,
56910000.000, 0.014,35.354,
57010000.000, 0.014,35.345,
57110000.000, 0.014,35.344,
57210000.000, 0.014,35.343,
57310000.000, 0.014,35.350,
57410000.000, 0.014,35.326,
57510000.000, 0.014,35.345,
57610000.000, 0.014,35.347,
57710000.000, 0.014,35.347,
57810000.000, 0.014,35.328,
57910000.000, 0.014,35.327,
58010000.000, 0.014,35.321,
58110000.000, 0.014,35.326,
58210000.000, 0.014,35.328,
58310000.000, 0.014,35.324,
58410000.000, 0.014,35.315,
58510000.000, 0.013,35.322,
58610000.000, 0.013,35.304,
58710000.000, 0.013,35.303,
58810000.000, 0.013,35.288,
58910000.000, 0.013,35.280,
59010000.000, 0.013,35.276,
59110000.000, 0.013,35.275,
59210000.000, 0.013,35.274,
59310000.000, 0.013,35.273,
59410000.000, 0.013,35.272,
59510000.000, 0.013,35.273,
59610000.000, 0.013,35.272,
59710000.000, 0.013,35.272,
59810000.000, 0.013,35.250,
59910000.000, 0.013,35.267,
60010000.000, 0.013,35.248,
60110000.000, 0.013,35.248,
60210000.000, 0.013,35.247,
60310000.000, 0.013,35.246,
60410000.000, 0.013,35.245,
60510000.000, 0.013,35.244,
60610000.000, 0.013,35.236,
60710000.000, 0.013,35.215,
60810000.000, 0.012,35.198,
60910000.000, 0.012,35.198,
61010000.000, 0.012,35.213,
61110000.000, 0.012,35.212,
61210000.000, 0.012,35.195,
61310000.000, 0.012,35.194,
61410000.000, 0.012,35.188,
61510000.000, 0.012,35.187,
61610000.000, 0.012,35.183,
61710000.000, 0.012,35.182,
61810000.000, 0.012,35.173,
61910000.000, 0.012,35.172,
62010000.000, 0.012,35.166,
62110000.000, 0.012,35.168,
62210000.000, 0.012,35.169,
62310000.000, 0.012,35.167,
62410000.000, 0.012,35.125,
62510000.000, 0.012,35.162,
62610000.000, 0.012,35.151,
62710000.000, 0.012,35.126,
62810000.000, 0.012,35.118,
62910000.000, 0.012,35.080,
63010000.000, 0.012,35.079,
63110000.000, 0.012,35.078,
63210000.000, 0.012,35.078,
63310000.000, 0.011,35.077,
63410000.000, 0.011,35.076,
63510000.000, 0.011,35.101,
63610000.000, 0.011,35.075,
63710000.000, 0.011,35.074,
63810000.000, 0.011,35.074,
63910000.000, 0.011,35.094,
64010000.000, 0.011,35.040,
64110000.000, 0.011,35.039,
64210000.000, 0.011,35.064,
64310000.000, 0.011,35.037,
64410000.000, 0.011,35.062,
64510000.000, 0.011,35.024,
64610000.000, 0.011,35.023,
64710000.000, 0.011,35.022,
64810000.000, 0.011,35.034,
64910000.000, 0.011,34.988,
65010000.000, 0.011,35.036,
65110000.000, 0.011,34.987,
65210000.000, 0.011,34.986,
65310000.000, 0.011,35.003,
65410000.000, 0.011,34.985,
65510000.000, 0.011,34.984,
65610000.000, 0.011,34.983,
65710000.000, 0.011,34.982,
65810000.000, 0.011,34.982,
65910000.000, 0.011,34.981,
66010000.000, 0.011,34.997,
66110000.000, 0.011,34.951,
66210000.000, 0.011,34.895,
66310000.000, 0.010,34.894,
66410000.000, 0.010,34.962,
66510000.000, 0.010,34.849,
66610000.000, 0.010,34.930,
66710000.000, 0.010,34.848,
66810000.000, 0.010,34.890,
66910000.000, 0.010,34.886,
67010000.000, 0.010,34.889,
67110000.000, 0.010,34.888,
67210000.000, 0.010,34.888,
67310000.000, 0.010,34.844,
67410000.000, 0.010,34.796,
67510000.000, 0.010,34.842,
67610000.000, 0.010,34.842,
67710000.000, 0.010,34.791,
67810000.000, 0.010,34.793,
67910000.000, 0.010,34.789,
68010000.000, 0.010,34.839,
68110000.000, 0.010,34.791,
68210000.000, 0.010,34.726,
68310000.000, 0.010,34.725,
68410000.000, 0.010,34.786,
68510000.000, 0.010,34.724,
68610000.000, 0.010,34.723,
68710000.000, 0.010,34.722,
68810000.000, 0.010,34.722,
68910000.000, 0.010,34.640,
69010000.000, 0.010,34.639,
69110000.000, 0.010,34.639,
69210000.000, 0.010,34.642,
69310000.000, 0.010,34.637,
69410000.000, 0.010,34.534,
69510000.000, 0.010,34.614,
69610000.000, 0.010,34.613,
69710000.000, 0.010,34.638,
69810000.000, 0.009,34.634,
69910000.000, 0.009,34.633,
70010000.000, 0.009,34.633,
70110000.000, 0.009,34.533,
70210000.000, 0.009,34.631,
70310000.000, 0.009,34.627,
70410000.000, 0.009,34.527,
70510000.000, 0.009,34.362,
70610000.000, 0.009,34.523,
70710000.000, 0.009,34.427,
70810000.000, 0.009,34.360,
70910000.000, 0.009,34.425,
71010000.000, 0.009,34.263,
71110000.000, 0.009,34.150,
71210000.000, 0.009,34.059,
71310000.000, 0.009,33.412,
71410000.000, 0.009,33.411,
71510000.000, 0.009,33.410,
71610000.000, 0.009,33.408,
71710000.000, 0.009,33.407,
71810000.000, 0.009,33.406,
71910000.000, 0.009,33.405,
72010000.000, 0.009,33.404,
72110000.000, 0.009,33.402,
72210000.000, 0.009,33.401,
72310000.000, 0.009,33.401,
72410000.000, 0.009,33.399,
72510000.000, 0.009,33.398,
72610000.000, 0.009,33.397,
72710000.000, 0.009,33.395,
72810000.000, 0.009,33.394,
72910000.000, 0.009,33.393,
73010000.000, 0.009,33.392,
73110000.000, 0.009,33.391,
73210000.000, 0.009,33.390,
73310000.000, 0.009,33.389,
73410000.000, 0.009,33.388,
73510000.000, 0.009,33.387,
73610000.000, 0.009,33.386,
73710000.000, 0.009,33.384,
73810000.000, 0.009,33.383,
73910000.000, 0.008,33.382,
74010000.000, 0.008,33.381,
74110000.000, 0.008,33.379,
74210000.000, 0.008,33.379,
74310000.000, 0.008,33.377,
74410000.000, 0.008,33.377,
74510000.000, 0.008,33.375,
74610000.000, 0.008,33.375,
74710000.000, 0.008,33.373,
74810000.000, 0.008,33.372,
74910000.000, 0.008,33.370,
75010000.000, 0.008,33.370,
75110000.000, 0.008,33.369,
75210000.000, 0.008,33.368,
75310000.000, 0.008,33.367,
75410000.000, 0.008,33.365,
75510000.000, 0.008,33.364,
75610000.000, 0.008,33.363,
75710000.000, 0.008,33.362,
75810000.000, 0.008,33.361,
75910000.000, 0.008,33.360,
76010000.000, 0.008,33.359,
76110000.000, 0.008,33.358,
76210000.000, 0.008,33.357,
76310000.000, 0.008,33.356,
76410000.000, 0.008,33.354,
76510000.000, 0.008,33.354,
76610000.000, 0.008,33.352,
76710000.000, 0.008,33.351,
76810000.000, 0.008,33.350,
76910000.000, 0.008,33.349,
77010000.000, 0.008,33.348,
77110000.000, 0.008,33.347,
77210000.000, 0.008,33.346,
77310000.000, 0.008,33.345,
77410000.000, 0.008,33.344,
77510000.000, 0.008,33.343,
77610000.000, 0.008,33.342,
77710000.000, 0.008,33.341,
77810000.000, 0.008,33.340,
77910000.000, 0.008,33.339,
78010000.000, 0.008,33.337,
78110000.000, 0.008,33.337,
78210000.000, 0.008,33.336,
78310000.000, 0.008,33.335,
78410000.000, 0.008,33.334,
78510000.000, 0.008,33.333,
78610000.000, 0.008,33.331,
78710000.000, 0.008,33.330,
78810000.000, 0.008,33.329,
78910000.000, 0.007,33.329,
79010000.000, 0.007,33.327,
79110000.000, 0.007,33.326,
79210000.000, 0.007,33.325,
79310000.000, 0.007,33.324,
79410000.000, 0.007,33.323,
79510000.000, 0.007,33.322,
79610000.000, 0.007,33.321,
79710000.000, 0.007,33.320,
79810000.000, 0.007,33.319,
79910000.000, 0.007,33.318,
80010000.000, 0.007,33.317,
80110000.000, 0.007,33.316,
80210000.000, 0.007,33.315,
80310000.000, 0.007,33.314,
80410000.000, 0.007,33.313,
80510000.000, 0.007,33.312,
80610000.000, 0.007,33.311,
80710000.000, 0.007,33.310,
80810000.000, 0.007,33.309,
80910000.000, 0.007,33.308,
81010000.000, 0.007,33.307,
81110000.000, 0.007,33.306,
81210000.000, 0.007,33.306,
81310000.000, 0.007,33.304,
81410000.000, 0.007,33.303,
81510000.000, 0.007,33.302,
81610000.000, 0.007,33.301,
81710000.000, 0.007,33.300,
81810000.000, 0.007,33.300,
81910000.000, 0.007,33.299,
82010000.000, 0.007,33.297,
82110000.000, 0.007,33.296,
82210000.000, 0.007,33.296,
82310000.000, 0.007,33.294,
82410000.000, 0.007,33.294,
82510000.000, 0.007,33.292,
82610000.000, 0.007,33.292,
82710000.000, 0.007,33.291,
82810000.000, 0.007,33.290,
82910000.000, 0.007,33.289,
83010000.000, 0.007,33.288,
83110000.000, 0.007,33.287,
83210000.000, 0.007,33.286,
83310000.000, 0.007,33.285,
83410000.000, 0.007,33.284,
83510000.000, 0.007,33.283,
83610000.000, 0.007,33.282,
83710000.000, 0.007,33.282,
83810000.000, 0.007,33.280,
83910000.000, 0.007,33.279,
84010000.000, 0.007,33.278,
84110000.000, 0.007,33.277,
84210000.000, 0.007,33.276,
84310000.000, 0.007,33.275,
84410000.000, 0.007,33.274,
84510000.000, 0.007,33.274,
84610000.000, 0.007,33.273,
84710000.000, 0.007,33.272,
84810000.000, 0.007,33.270,
84910000.000, 0.007,33.270,
85010000.000, 0.007,33.269,
85110000.000, 0.007,33.268,
85210000.000, 0.007,33.267,
85310000.000, 0.007,33.266,
85410000.000, 0.006,33.266,
85510000.000, 0.006,33.264,
85610000.000, 0.006,33.264,
85710000.000, 0.006,33.263,
85810000.000, 0.006,33.262,
85910000.000, 0.006,33.260,
86010000.000, 0.006,33.260,
86110000.000, 0.006,33.259,
86210000.000, 0.006,33.258,
86310000.000, 0.006,33.257,
86410000.000, 0.006,33.256,
86510000.000, 0.006,33.255,
86610000.000, 0.006,33.254,
86710000.000, 0.006,33.253,
86810000.000, 0.006,33.253,
86910000.000, 0.006,33.251,
87010000.000, 0.006,33.251,
87110000.000, 0.006,33.250,
87210000.000, 0.006,33.249,
87310000.000, 0.006,33.248,
87410000.000, 0.006,33.247,
87510000.000, 0.006,33.246,
87610000.000, 0.006,33.245,
87710000.000, 0.006,33.244,
87810000.000, 0.006,33.244,
87910000.000, 0.006,33.243,
88010000.000, 0.006,33.242,
88110000.000, 0.006,33.241,
88210000.000, 0.006,33.240,
88310000.000, 0.006,33.239,
88410000.000, 0.006,33.238,
88510000.000, 0.006,33.237,
88610000.000, 0.006,33.237,
88710000.000, 0.006,33.236,
88810000.000, 0.006,33.235,
88910000.000, 0.006,33.234,
89010000.000, 0.006,33.233,
89110000.000, 0.006,33.232,
89210000.000, 0.006,33.232,
89310000.000, 0.006,33.231,
89410000.000, 0.006,33.230,
89510000.000, 0.006,33.229,
89610000.000, 0.006,33.228,
89710000.000, 0.006,33.227,
89810000.000, 0.006,33.226,
89910000.000, 0.006,33.225,
90010000.000, 0.006,33.225,
90110000.000, 0.006,33.224,
90210000.000, 0.006,33.223,
90310000.000, 0.006,33.222,
90410000.000, 0.006,33.221,
90510000.000, 0.006,33.221,
90610000.000, 0.006,33.220,
90710000.000, 0.006,33.219,
90810000.000, 0.006,33.218,
90910000.000, 0.006,33.218,
91010000.000, 0.006,33.217,
91110000.000, 0.006,33.216,
91210000.000, 0.006,33.216,
91310000.000, 0.006,33.215,
91410000.000, 0.006,33.215,
91510000.000, 0.006,33.214,
91610000.000, 0.006,33.213,
91710000.000, 0.006,33.212,
91810000.000, 0.006,33.212,
91910000.000, 0.006,33.211,
92010000.000, 0.006,33.210,
92110000.000, 0.006,33.210,
92210000.000, 0.006,33.209,
92310000.000, 0.006,33.208,
92410000.000, 0.006,33.208,
92510000.000, 0.006,33.207,
92610000.000, 0.006,33.206,
92710000.000, 0.006,33.206,
92810000.000, 0.006,33.205,
92910000.000, 0.006,33.204,
93010000.000, 0.006,33.204,
93110000.000, 0.006,33.203,
93210000.000, 0.006,33.202,
93310000.000, 0.006,33.202,
93410000.000, 0.006,33.201,
93510000.000, 0.006,33.201,
93610000.000, 0.006,33.200,
93710000.000, 0.006,33.199,
93810000.000, 0.006,33.198,
93910000.000, 0.006,33.198,
94010000.000, 0.006,33.197,
94110000.000, 0.006,33.197,
94210000.000, 0.006,33.196,
94310000.000, 0.006,33.195,
94410000.000, 0.006,33.195,
94510000.000, 0.006,33.194,
94610000.000, 0.005,33.193,
94710000.000, 0.005,33.193,
94810000.000, 0.005,33.192,
94910000.000, 0.005,33.191,
95010000.000, 0.005,33.191,
95110000.000, 0.005,33.190,
95210000.000, 0.005,33.189,
95310000.000, 0.005,33.189,
95410000.000, 0.005,33.188,
95510000.000, 0.005,33.187,
95610000.000, 0.005,33.187,
95710000.000, 0.005,33.186,
95810000.000, 0.005,33.185,
95910000.000, 0.005,33.185,
96010000.000, 0.005,33.184,
96110000.000, 0.005,33.183,
96210000.000, 0.005,33.183,
96310000.000, 0.005,33.182,
96410000.000, 0.005,33.181,
96510000.000, 0.005,33.181,
96610000.000, 0.005,33.180,
96710000.000, 0.005,33.179,
96810000.000, 0.005,33.179,
96910000.000, 0.005,33.178,
97010000.000, 0.005,33.177,
97110000.000, 0.005,33.177,
97210000.000, 0.005,33.176,
97310000.000, 0.005,33.175,
97410000.000, 0.005,33.175,
97510000.000, 0.005,33.174,
97610000.000, 0.005,33.173,
97710000.000, 0.005,33.173,
97810000.000, 0.005,33.172,
97910000.000, 0.005,33.172,
98010000.000, 0.005,33.171,
98110000.000, 0.005,33.170,
98210000.000, 0.005,33.169,
98310000.000, 0.005,33.169,
98410000.000, 0.005,33.168,
98510000.000, 0.005,33.167,
98610000.000, 0.005,33.167,
98710000.000, 0.005,33.166,
98810000.000, 0.005,33.166,
98910000.000, 0.005,33.165,
99010000.000, 0.005,33.164,
99110000.000, 0.005,33.164,
99210000.000, 0.005,33.163,
99310000.000, 0.005,33.162,
99410000.000, 0.005,33.162,
99510000.000, 0.005,33.161,
99610000.000, 0.005,33.160,
99710000.000, 0.005,33.159,
99810000.000, 0.005,33.159,
99910000.000, 0.005,33.158,
};
