# z   photoionization_HI   photoheating_HI   photoionization_HeI   photoheating_HeI   photoionization_HeII   photoheating_HeII 
0.000000000000000000e+00 4.726800000000000367e-14 1.778400000000000026e-13 2.363400000000000183e-14 1.942200000000000045e-13 4.839999999999999761e-16 9.152000000000000408e-15
4.909999999999999781e-02 4.726800000000000367e-14 1.778400000000000026e-13 2.363400000000000183e-14 1.942200000000000045e-13 4.839999999999999761e-16 9.152000000000000408e-15
1.010000000000000064e-01 5.842515606936415886e-14 2.209789595375722808e-13 2.957642774566474200e-14 2.406502890173410627e-13 4.839999999999999761e-16 9.152000000000000408e-15
1.549999999999999989e-01 7.193333333333332890e-14 2.726533333333333435e-13 3.672066666666666684e-14 2.972955555555555366e-13 4.839999999999999761e-16 9.152000000000000408e-15
2.109999999999999931e-01 8.780571428571428308e-14 3.343414285714285623e-13 4.535699999999999924e-14 3.655971428571428364e-13 4.839999999999999761e-16 9.152000000000000408e-15
2.710000000000000187e-01 1.080300000000000077e-13 4.107999999999999762e-13 5.608199999999999898e-14 4.505800000000000854e-13 4.859714867617108125e-16 9.189637474541751914e-15
3.330000000000000182e-01 1.305619354838709843e-13 4.985709677419355447e-13 6.848903225806451491e-14 5.482645161290322977e-13 6.126173410404624397e-16 1.158921001926782469e-14
3.990000000000000213e-01 1.583163636363636471e-13 6.046181818181818635e-13 8.353090909090909326e-14 6.663327272727273087e-13 7.703259259259259610e-16 1.454607407407407547e-14
4.680000000000000271e-01 1.896304347826086899e-13 7.257391304347826070e-13 1.008800000000000079e-13 8.035130434782609869e-13 9.576285714285714883e-16 1.812721428571428810e-14
5.400000000000000355e-01 2.261783333333333320e-13 8.642833333333333681e-13 1.205533333333333403e-13 9.626500000000001441e-13 1.180446666666666559e-15 2.229333333333333481e-14
6.149999999999999911e-01 2.675399999999999384e-13 1.024399999999999957e-12 1.437799999999999690e-13 1.138799999999999752e-12 1.450000000000000093e-15 2.725599999999999955e-14
6.949999999999999512e-01 3.153149999999999545e-13 1.208999999999999998e-12 1.698449999999999695e-13 1.342574999999999861e-12 1.768226086956521433e-15 3.309756521739129891e-14
7.780000000000000249e-01 3.672484337349397995e-13 1.409732530120481985e-12 1.982045783132530050e-13 1.567236144578313230e-12 2.130088888888888695e-15 3.971244444444444595e-14
8.649999999999999911e-01 4.250193103448276119e-13 1.632799999999999868e-12 2.299924137931034128e-13 1.814351724137931010e-12 2.542613333333333239e-15 4.711519999999999219e-14
9.569999999999999618e-01 4.874830434782608684e-13 1.869626086956521885e-12 2.644878260869565460e-13 2.078869565217391464e-12 2.996399999999999938e-15 5.557200000000000292e-14
1.050000000000000044e+00 5.521141935483870998e-13 2.112206451612903557e-12 2.993690322580645873e-13 2.349225806451613440e-12 3.477618390804597683e-15 6.399218390804596642e-14
1.149999999999999911e+00 6.204899999999999138e-13 2.371199999999999832e-12 3.361799999999999872e-13 2.632499999999999940e-12 3.996443478260869436e-15 7.352304347826087077e-14
1.205000000000000071e+00 6.566181818181819449e-13 2.507345454545455222e-12 3.557154545454545746e-13 2.780700000000000460e-12 4.275269565217392542e-15 7.852086956521741632e-14
1.260000000000000009e+00 6.893781818181816962e-13 2.632145454545454448e-12 3.732654545454545351e-13 2.909400000000000104e-12 4.547612903225806882e-15 8.333032258064517332e-14
1.314999999999999947e+00 7.219254545454544348e-13 2.755881818181818004e-12 3.906381818181817999e-13 3.036681818181817777e-12 4.815634408602150814e-15 8.801419354838708812e-14
1.370000000000000107e+00 7.523454545454545213e-13 2.868981818181817997e-12 4.062381818181819051e-13 3.149781818181818174e-12 5.038000000000001006e-15 9.218000000000000455e-14
1.430000000000000160e+00 7.845500000000000245e-13 2.988050000000000379e-12 4.226950000000000482e-13 3.268200000000000150e-12 5.268000000000000405e-15 9.652000000000001433e-14
1.489999999999999991e+00 8.118500000000000192e-13 3.085550000000000317e-12 4.363449999999999951e-13 3.361800000000000074e-12 5.460000000000000369e-15 1.001200000000000066e-13
1.550000000000000044e+00 8.385000000000001127e-13 3.179800000000000244e-12 4.494749999999999604e-13 3.450849999999999983e-12 5.627999999999999943e-15 1.033200000000000081e-13
1.610000000000000098e+00 8.619000000000001947e-13 3.257800000000000113e-12 4.600050000000000175e-13 3.517149999999999811e-12 5.748000000000000316e-15 1.057200000000000029e-13
1.675000000000000044e+00 8.850000000000000660e-13 3.337199999999999957e-12 4.703999999999999949e-13 3.581400000000000471e-12 5.820833333333333090e-15 1.073050000000000032e-13
1.739999999999999991e+00 9.006000000000001207e-13 3.399599999999999772e-12 4.774199999999999993e-13 3.620400000000000204e-12 5.844666666666666844e-15 1.080200000000000032e-13
1.805000000000000160e+00 9.153000000000001489e-13 3.456600000000000438e-12 4.837200000000000835e-13 3.652200000000000937e-12 5.802499999999999919e-15 1.077449999999999993e-13
1.870000000000000107e+00 9.269999999999999880e-13 3.495600000000000170e-12 4.876200000000000972e-13 3.660000000000000157e-12 5.730999999999999448e-15 1.070300000000000120e-13
1.939999999999999947e+00 9.371142857142857688e-13 3.528942857142857399e-12 4.905085714285715530e-13 3.658199999999999902e-12 5.598153846153846098e-15 1.048892307692307720e-13
2.009999999999999787e+00 9.410142857142857825e-13 3.540642857142857440e-12 4.901185714285714911e-13 3.630899999999999806e-12 5.455999999999999515e-15 1.025200000000000140e-13
2.084999999999999964e+00 9.438000000000000780e-13 3.545099999999999909e-12 4.884100000000000363e-13 3.589300000000000064e-12 5.227538461538461801e-15 9.871230769230771089e-14
2.160000000000000142e+00 9.438000000000000780e-13 3.533400000000000272e-12 4.841199999999999607e-13 3.523000000000000235e-12 4.990857142857142703e-15 9.466285714285713806e-14
2.240000000000000213e+00 9.423374999999999719e-13 3.512437500000000097e-12 4.781887499999999904e-13 3.440774999999999745e-12 4.714285714285712793e-15 8.963428571428569088e-14
2.319999999999999840e+00 9.384375000000001602e-13 3.477337500000000378e-12 4.699987500000000020e-13 3.339374999999999794e-12 4.402346666666666710e-15 8.406933333333334151e-14
2.399999999999999911e+00 9.316124999999999343e-13 3.434925000000000129e-12 4.604925000000000192e-13 3.226274999999999801e-12 4.055040000000000511e-15 7.796800000000001422e-14
2.479999999999999982e+00 9.199125000000000952e-13 3.380324999999999937e-12 4.487924999999999782e-13 3.093674999999999336e-12 3.692425000000000041e-15 7.155500000000000408e-14
2.564999999999999947e+00 9.045705882352941828e-13 3.315688235294117488e-12 4.356988235294117403e-13 2.944958823529411542e-12 3.297387499999999388e-15 6.454249999999999988e-14
2.649999999999999911e+00 8.850705882352942154e-13 3.241588235294117228e-12 4.216588235294117315e-13 2.785058823529411789e-12 2.862749999999999827e-15 5.670500000000000299e-14
2.740000000000000213e+00 8.649333333333333704e-13 3.161599999999999776e-12 4.069866666666666262e-13 2.618199999999999083e-12 2.385074999999999022e-15 4.804249999999998184e-14
2.830000000000000071e+00 8.454333333333334030e-13 3.079699999999999893e-12 3.925566666666666563e-13 2.454399999999999316e-12 1.890964705882352564e-15 3.939811764705880878e-14
2.924999999999999822e+00 8.253631578947369034e-13 2.997252631578946951e-12 3.786284210526315864e-13 2.311673684210526152e-12 1.370844444444444899e-15 3.032333333333334263e-14
3.020000000000000018e+00 8.058631578947368350e-13 2.919252631578947081e-12 3.661484210526315224e-13 2.202473684210526173e-12 9.156888888888887229e-16 2.210266666666666479e-14
3.115000000000000213e+00 7.859936842105263358e-13 2.843099999999999467e-12 3.544073684210525727e-13 2.106205263157894809e-12 5.051663157894734118e-16 1.453042105263157111e-14
3.209999999999999964e+00 7.657136842105263455e-13 2.769000000000000015e-12 3.434873684210526556e-13 2.024305263157894522e-12 3.326863157894738611e-16 1.041642105263158197e-14
3.314999999999999947e+00 7.448257142857142315e-13 2.693228571428571582e-12 3.328371428571428831e-13 1.948514285714285680e-12 1.749347368421053135e-16 6.558315789473685819e-15
3.367499999999999716e+00 7.350757142857141973e-13 2.658128571428571863e-12 3.281571428571428970e-13 1.917314285714285974e-12 1.486736842105264803e-16 5.731578947368425627e-15
3.419999999999999929e+00 7.253257142857141631e-13 2.623028571428571336e-12 3.234771428571428604e-13 1.886114285714285461e-12 1.224126315789474005e-16 4.904842105263159124e-15
3.530000000000000249e+00 7.064672727272726579e-13 2.557690909090909100e-12 3.149781818181818476e-13 1.826618181818181907e-12 8.454285714285709667e-17 3.663523809523807391e-15
3.584999999999999964e+00 6.976922727272727281e-13 2.528440909090908997e-12 3.112731818181818649e-13 1.799318181818182013e-12 7.589999999999999827e-17 3.337400000000000154e-15
3.640000000000000124e+00 6.889172727272726974e-13 2.499190909090909298e-12 3.075681818181818318e-13 1.772018181818181918e-12 6.725714285714283823e-17 3.011276190476189367e-15
3.754999999999999893e+00 6.723430434782608501e-13 2.443943478260869740e-12 3.008934782608695973e-13 1.727360869565217512e-12 5.427800000000001271e-17 2.499000000000000572e-15
3.812500000000000000e+00 6.647380434782609042e-13 2.418593478260869651e-12 2.979684782608695870e-13 1.709810869565217451e-12 4.974700000000000500e-17 2.308100000000000172e-15
3.870000000000000107e+00 6.571330434782608574e-13 2.393243478260869562e-12 2.950434782608695768e-13 1.692260869565217187e-12 4.521599999999999729e-17 2.117199999999999772e-15
3.990000000000000213e+00 6.432399999999999935e-13 2.348450000000000156e-12 2.902250000000000078e-13 1.663349999999999976e-12 3.820730434782609689e-17 1.811460869565218026e-15
4.050000000000000711e+00 6.369999999999999111e-13 2.328950000000000088e-12 2.882750000000000010e-13 1.651649999999999935e-12 3.531478260869562450e-17 1.681756521739129430e-15
4.110000000000000320e+00 6.307600000000000305e-13 2.309450000000000019e-12 2.863249999999999942e-13 1.639950000000000095e-12 3.242226086956520757e-17 1.552052173913043004e-15
4.235000000000000320e+00 6.197099999999999918e-13 2.274480000000000220e-12 2.835300000000000551e-13 1.620839999999999988e-12 2.794549999999998739e-17 1.344383333333332897e-15
4.297500000000000320e+00 6.148350000000000757e-13 2.258880000000000165e-12 2.825550000000000516e-13 1.613039999999999961e-12 2.595174999999997902e-17 1.250424999999999212e-15
4.360000000000000320e+00 6.099600000000000586e-13 2.243279999999999707e-12 2.815799999999999977e-13 1.605240000000000135e-12 2.395800000000000148e-17 1.156466666666666907e-15
4.490000000000000213e+00 6.015000000000000118e-13 2.218800000000000199e-12 2.805600000000000182e-13 1.596600000000000285e-12 2.088064000000001094e-17 1.006368000000000579e-15
4.554999999999999716e+00 5.977950000000000796e-13 2.209050000000000165e-12 2.803650000000000377e-13 1.594650000000000278e-12 1.943920000000002210e-17 9.354400000000010560e-16
4.620000000000000107e+00 5.940900000000000464e-13 2.199300000000000130e-12 2.801700000000000068e-13 1.592700000000000272e-12 1.799776000000001785e-17 8.645120000000007444e-16
4.754999999999999893e+00 5.880477777777777438e-13 2.186888888888889107e-12 2.805111111111111130e-13 1.591200000000000126e-12 1.553369230769230571e-17 7.478307692307690353e-16
4.822499999999999787e+00 5.855127777777777955e-13 2.182988888888889093e-12 2.809011111111110739e-13 1.591200000000000126e-12 1.432284615384615094e-17 6.907153846153846069e-16
4.889999999999999680e+00 5.829777777777777462e-13 2.179088888888888676e-12 2.812911111111110854e-13 1.591200000000000126e-12 1.311200000000001466e-17 6.336000000000007701e-16
5.035000000000000142e+00 5.777782758620689154e-13 2.168534482758620535e-12 2.820910344827586561e-13 1.593755172413793469e-12 1.129251851851851902e-17 5.438074074074073809e-16
5.107499999999999929e+00 5.752432758620689671e-13 2.162684482758620919e-12 2.824810344827586675e-13 1.595705172413793274e-12 1.038277777777777350e-17 4.989111111111109329e-16
5.179999999999999716e+00 5.727082758620690188e-13 2.156834482758620898e-12 2.828710344827586790e-13 1.597655172413793078e-12 9.557103448275865322e-18 4.576606896551726278e-16
5.334999999999999964e+00 5.648835483870968024e-13 2.131664516129031993e-12 2.810264516129032252e-13 1.585790322580645178e-12 8.263655172413788230e-18 3.899310344827583195e-16
5.412499999999999645e+00 5.603985483870968473e-13 2.116064516129032342e-12 2.794664516129032298e-13 1.576040322580645345e-12 7.616931034482757387e-18 3.560662068965516091e-16
5.490000000000000213e+00 5.559135483870967912e-13 2.100464516129032287e-12 2.779064516129032344e-13 1.566290322580645311e-12 7.076903225806448032e-18 3.275303225806449648e-16
5.650000000000000355e+00 5.262074999999999063e-13 1.985831249999999743e-12 2.613487499999999268e-13 1.468837499999999596e-12 6.168516129032256335e-18 2.789316129032256936e-16
5.730000000000000426e+00 5.067074999999998379e-13 1.909781249999999476e-12 2.500387499999998972e-13 1.402537499999999566e-12 5.714322580645158175e-18 2.546322580645159101e-16
5.809999999999999609e+00 4.872075000000000725e-13 1.833731250000000018e-12 2.387287500000000191e-13 1.336237499999999939e-12 5.357000000000000846e-18 2.347950000000000021e-16
5.974999999999999645e+00 3.103280818181815523e-13 1.168792181818180748e-12 1.519547545454544409e-13 8.523071818181812133e-13 4.739899999999998945e-18 1.994024999999999403e-16
6.057499999999999218e+00 1.921795318181822061e-13 7.258691818181832621e-13 9.477490454545472724e-14 5.348666818181828347e-13 4.431350000000003002e-18 1.817062500000001312e-16
6.139999999999999680e+00 7.403098181818154729e-14 2.829461818181808286e-13 3.759505454545440771e-14 2.174261818181811744e-13 4.183200000000000205e-18 1.672800000000000282e-16
6.314999999999999503e+00 1.762521428571429532e-15 1.055507142857143630e-14 2.139428571428572666e-15 1.822692857142858056e-14 3.704866666666665950e-18 1.392799999999999430e-16
6.402499999999999858e+00 1.298226428571428365e-15 7.788021428571428539e-15 1.578608571428571375e-15 1.345917857142856851e-14 3.465700000000000749e-18 1.252800000000000360e-16
6.490000000000000213e+00 8.339314285714272956e-16 5.020971428571421570e-15 1.017788571428569689e-15 8.691428571428556464e-15 3.004697142857141115e-18 1.103017142857142325e-16
6.675000000000000711e+00 4.570589189189183648e-16 2.768156756756753983e-15 5.612837837837831954e-16 4.800162162162156404e-15 1.986034285714280320e-18 7.843942857142839471e-17
6.767500000000000071e+00 3.806189189189189410e-16 2.307956756756757273e-15 4.680737837837838956e-16 4.000662162162162247e-15 1.502570270270269841e-18 6.322294594594592144e-17
6.860000000000000320e+00 3.041789189189187284e-16 1.847756756756755829e-15 3.748637837837836096e-16 3.201162162162160595e-15 1.312270270270269397e-18 5.610594594594590608e-17
7.054999999999999716e+00 2.274800000000000992e-16 1.387300000000000672e-15 2.815600000000001319e-16 2.394900000000000715e-15 9.110972972972979414e-19 4.110254054054056123e-17
7.152499999999999858e+00 2.036900000000000124e-16 1.244950000000000242e-15 2.527000000000000929e-16 2.143350000000000404e-15 7.368476923076930699e-19 3.444607692307695678e-17
7.250000000000000000e+00 1.798999999999999502e-16 1.102599999999999812e-15 2.238400000000000046e-16 1.891799999999999699e-15 6.503876923076925300e-19 3.060707692307693275e-17
7.450000000000000178e+00 1.504424999999999789e-16 9.237149999999998646e-16 1.876874999999999806e-16 1.578524999999999751e-15 4.730338461538457033e-19 2.273220512820510939e-17
7.550000000000000711e+00 1.389374999999999280e-16 8.531249999999995400e-16 1.734524999999999081e-16 1.455674999999999145e-15 3.973309999999995481e-19 1.932259999999998068e-17
7.650000000000000355e+00 1.274324999999999758e-16 7.825349999999998070e-16 1.592174999999999588e-16 1.332824999999999722e-15 3.519009999999999273e-19 1.714459999999999735e-17
7.860000000000000320e+00 1.109828571428571378e-16 6.836514285714285298e-16 1.393228571428571457e-16 1.161457142857142837e-15 2.564979999999998138e-19 1.257079999999999015e-17
7.964999999999999858e+00 1.039628571428571859e-16 6.419214285714289344e-16 1.309378571428572076e-16 1.089307142857143430e-15 2.185385714285714833e-19 1.073128571428571658e-17
8.017500000000000071e+00 1.004528571428572038e-16 6.210564285714289395e-16 1.267453571428572140e-16 1.053232142857143529e-15 2.060535714285714733e-19 1.010978571428571723e-17
8.070000000000000284e+00 9.694285714285719709e-17 6.001914285714288460e-16 1.225528571428571956e-16 1.017157142857143431e-15 1.935685714285714632e-19 9.488285714285716337e-18
8.294999999999999929e+00 8.653233333333336724e-17 5.372466666666668756e-16 1.100666666666667065e-16 9.100000000000001930e-16 1.400614285714285528e-19 6.824714285714284606e-18
8.407499999999998863e+00 8.198883333333340986e-17 5.095566666666671100e-16 1.046066666666667495e-16 8.632000000000007933e-16 1.210440000000001107e-19 5.872900000000005936e-18
8.463749999999999218e+00 7.971708333333338187e-17 4.957116666666669806e-16 1.018766666666667401e-16 8.398000000000006497e-16 1.141140000000000347e-19 5.523650000000002960e-18
8.519999999999999574e+00 7.744533333333336621e-17 4.818666666666668513e-16 9.914666666666670609e-17 8.164000000000004075e-16 1.071839999999999828e-19 5.174400000000000755e-18
8.754999999999999005e+00 7.017593617021281384e-17 4.379368085106386033e-16 9.027255319148941935e-17 7.430993617021281356e-16 7.823200000000002214e-20 3.715311111111113010e-18
8.872499999999998721e+00 6.684143617021282592e-17 4.178518085106386427e-16 8.617755319148943614e-17 7.097543617021282811e-16 6.864491489361704326e-20 3.228453191489363422e-18
8.931249999999998579e+00 6.517418617021282580e-17 4.078093085106386871e-16 8.413005319148943837e-17 6.930818617021284031e-16 6.488841489361705866e-20 3.036503191489364224e-18
8.990000000000000213e+00 6.350693617021278870e-17 3.977668085106384357e-16 8.208255319148937896e-17 6.764093617021278349e-16 6.113191489361695370e-20 2.844553191489359248e-18
9.234999999999999432e+00 5.808373469387758760e-17 3.650081632653063315e-16 7.537346938775513788e-17 6.218669387755105238e-16 4.546651063829789269e-20 2.044080851063830890e-18
9.357499999999999929e+00 5.556823469387757660e-17 3.497981632653062777e-16 7.225346938775512367e-17 5.965169387755104175e-16 4.062861224489795474e-20 1.797804081632652812e-18
9.418749999999999289e+00 5.431048469387760192e-17 3.421931632653063740e-16 7.069346938775514122e-17 5.838419387755105616e-16 3.859361224489797866e-20 1.694404081632654002e-18
9.480000000000000426e+00 5.305273469387757177e-17 3.345881632653062238e-16 6.913346938775512178e-17 5.711669387755104099e-16 3.655861224489794842e-20 1.591004081632652110e-18
9.734999999999999432e+00 4.885935294117649468e-17 3.086276470588236986e-16 6.387817647058826049e-17 5.282129411764708876e-16 2.808636734693879545e-20 1.160522448979592902e-18
9.862500000000000711e+00 4.688985294117647446e-17 2.963426470588235887e-16 6.140167647058824135e-17 5.079329411764706843e-16 2.565652941176469190e-20 1.036199999999999347e-18
9.926249999999999574e+00 4.590510294117649208e-17 2.902001470588237063e-16 6.016342647058826260e-17 4.977929411764708785e-16 2.456202941176471177e-20 9.801000000000002776e-19
9.990000000000000213e+00 4.492035294117648505e-17 2.840576470588235774e-16 5.892517647058825919e-17 4.876529411764706782e-16 2.346752941176470156e-20 9.239999999999996671e-19
1.024500000000000099e+01 4.154570588235294166e-17 2.635635294117646581e-16 5.472464705882352361e-17 4.533635294117647544e-16 1.908952941176468478e-20 6.995999999999989583e-19
1.037250000000000050e+01 3.992720588235294677e-17 2.538135294117646969e-16 5.271614705882353002e-17 4.369835294117647723e-16 1.779347058823528803e-20 6.330176470588231096e-19
1.043625000000000114e+01 3.911795588235293392e-17 2.489385294117646423e-16 5.171189705882352090e-17 4.287935294117646826e-16 1.720497058823528126e-20 6.027676470588228276e-19
1.050000000000000000e+01 3.830870588235295188e-17 2.440635294117647357e-16 5.070764705882354259e-17 4.206035294117648394e-16 1.661647058823528953e-20 5.725176470588233159e-19
1.080000000000000071e+01 3.546399999999999557e-17 2.262649999999999897e-16 4.706000000000000690e-17 3.907799999999999621e-16 1.398759999999999604e-20 4.374919999999997479e-19
1.094999999999999929e+01 3.413800000000000740e-17 2.178800000000000763e-16 4.534400000000002003e-17 3.767400000000001324e-16 1.330559999999999952e-20 4.029520000000000746e-19
1.102499999999999858e+01 3.347500000000001640e-17 2.136875000000001320e-16 4.448600000000002660e-17 3.697200000000002175e-16 1.296460000000000276e-20 3.856820000000002139e-19
1.109999999999999964e+01 3.281200000000000690e-17 2.094950000000000643e-16 4.362800000000001468e-17 3.627000000000000561e-16 1.262359999999999849e-20 3.684119999999999198e-19
1.139999999999999858e+01 3.045250000000001264e-17 1.943500000000000914e-16 4.052100000000002035e-17 3.368950000000001722e-16 1.129040000000000138e-20 3.019280000000000604e-19
1.154999999999999893e+01 2.930200000000000632e-17 1.869400000000000853e-16 3.900000000000001126e-17 3.242200000000001191e-16 1.076239999999999956e-20 2.803679999999999899e-19
1.162500000000000000e+01 2.872675000000000008e-17 1.832350000000000330e-16 3.823950000000000364e-17 3.178824999999999939e-16 1.049839999999999639e-20 2.695879999999998824e-19
1.169999999999999929e+01 2.815150000000000617e-17 1.795300000000000547e-16 3.747900000000000834e-17 3.115450000000000167e-16 1.023439999999999924e-20 2.588079999999999675e-19
1.200000000000000000e+01 2.614300000000000333e-17 1.669850000000000155e-16 3.482700000000000119e-17 2.894450000000000125e-16 9.211399999999996937e-21 2.171839999999999511e-19
1.215000000000000036e+01 2.516800000000000660e-17 1.609400000000000326e-16 3.354000000000000488e-17 2.787200000000000207e-16 8.848399999999998789e-21 2.031039999999999267e-19
1.222500000000000142e+01 2.468050000000000052e-17 1.579174999999999919e-16 3.289649999999999748e-17 2.733574999999999755e-16 8.666899999999995953e-21 1.960639999999998182e-19
1.230000000000000071e+01 2.419300000000000369e-17 1.548950000000000251e-16 3.225300000000000241e-17 2.679950000000000781e-16 8.485399999999999136e-21 1.890239999999999022e-19
1.265000000000000036e+01 2.249742857142857945e-17 1.438542857142857454e-16 2.998542857142858151e-17 2.490428571428572059e-16 7.711314285714285619e-21 1.591542857142857173e-19
1.282499999999999929e+01 2.169792857142857996e-17 1.385892857142857723e-16 2.891292857142858972e-17 2.400728571428572297e-16 7.447314285714286966e-21 1.492542857142857498e-19
1.291249999999999964e+01 2.129817857142857714e-17 1.359567857142857487e-16 2.837667857142858150e-17 2.355878571428572170e-16 7.315314285714286135e-21 1.443042857142857299e-19
1.300000000000000000e+01 2.089842857142857432e-17 1.333242857142857498e-16 2.784042857142857944e-17 2.311028571428572043e-16 7.183314285714285304e-21 1.393542857142857100e-19
1.334999999999999964e+01 1.950000000000000563e-17 1.244657142857143183e-16 2.596285714285714491e-17 2.158371428571429151e-16 6.670400000000000121e-21 1.206102857142857214e-19
1.352499999999999858e+01 1.881750000000000637e-17 1.201757142857143511e-16 2.504635714285715445e-17 2.084271428571429337e-16 6.439400000000001300e-21 1.130202857142857631e-19
1.361249999999999893e+01 1.847625000000000366e-17 1.180307142857143183e-16 2.458810714285715152e-17 2.047221428571429307e-16 6.323900000000000385e-21 1.092252857142857238e-19
1.369999999999999929e+01 1.813500000000000404e-17 1.158857142857143100e-16 2.412985714285714858e-17 2.010171428571429030e-16 6.208399999999999469e-21 1.054302857142857086e-19
1.405000000000000071e+01 1.693714285714285946e-17 1.083085714285714254e-16 2.253085714285714037e-17 1.875342857142857225e-16 5.766514285714284407e-21 9.095428571428565604e-20
1.422500000000000142e+01 1.635214285714285834e-17 1.046035714285714224e-16 2.175085714285713990e-17 1.809042857142857016e-16 5.579514285714283857e-21 8.490428571428563575e-20
1.431250000000000000e+01 1.605964285714286086e-17 1.027510714285714579e-16 2.136085714285714737e-17 1.775892857142857404e-16 5.486014285714285086e-21 8.187928571428569181e-20
1.440000000000000036e+01 1.576714285714286030e-17 1.008985714285714564e-16 2.097085714285714559e-17 1.742742857142857299e-16 5.392514285714284811e-21 7.885428571428568768e-20
1.475000000000000000e+01 1.473085714285714798e-17 9.415714285714289077e-17 1.961142857142857493e-17 1.626857142857143014e-16 5.028571428571428386e-21 6.710628571428570549e-20
1.492500000000000071e+01 1.422385714285714598e-17 9.084214285714285563e-17 1.894842857142857160e-17 1.570307142857142864e-16 4.863571428571427723e-21 6.182628571428568429e-20
1.501249999999999929e+01 1.397035714285714652e-17 8.918464285714287505e-17 1.861692857142857610e-17 1.542032142857143405e-16 4.781071428571428896e-21 5.918628571428572183e-20
1.509999999999999964e+01 1.371685714285714552e-17 8.752714285714286981e-17 1.828542857142857443e-17 1.513757142857142961e-16 4.698571428571428565e-21 5.654628571428571123e-20
