# z   photoionization_HI   photoheating_HI   photoionization_HeI   photoheating_HeI   photoionization_HeII   photoheating_HeII 
0.000000000000000000e+00 6.060000000000000179e-14 2.279999999999999877e-13 3.030000000000000090e-14 2.489999999999999992e-13 1.099999999999999928e-15 2.080000000000000035e-14
4.909999999999999781e-02 7.429999999999999643e-14 2.810000000000000143e-13 3.759999999999999882e-14 3.060000000000000088e-13 1.319999999999999953e-15 2.500000000000000076e-14
1.010000000000000064e-01 9.080000000000000185e-14 3.439999999999999983e-13 4.630000000000000214e-14 3.750000000000000177e-13 1.590000000000000001e-15 2.999999999999999839e-14
1.549999999999999989e-01 1.099999999999999983e-13 4.189999999999999817e-13 5.680000000000000157e-14 4.579999999999999670e-13 1.900000000000000108e-15 3.589999999999999723e-14
2.109999999999999931e-01 1.340000000000000096e-13 5.089999999999999516e-13 6.939999999999999963e-14 5.580000000000000457e-13 2.260000000000000042e-15 4.279999999999999812e-14
2.710000000000000187e-01 1.609999999999999956e-13 6.150000000000000048e-13 8.439999999999999883e-14 6.760000000000000478e-13 2.689999999999999929e-15 5.080000000000000190e-14
3.330000000000000182e-01 1.940000000000000064e-13 7.399999999999999770e-13 1.019999999999999945e-13 8.149999999999999604e-13 3.190000000000000165e-15 5.999999999999999677e-14
3.990000000000000213e-01 2.309999999999999750e-13 8.849999999999999650e-13 1.230000000000000060e-13 9.769999999999999769e-13 3.770000000000000123e-15 7.070000000000000419e-14
4.680000000000000271e-01 2.749999999999999894e-13 1.049999999999999969e-12 1.460000000000000090e-13 1.170000000000000063e-12 4.429999999999999804e-15 8.270000000000000355e-14
5.400000000000000355e-01 3.239999999999999826e-13 1.239999999999999967e-12 1.739999999999999906e-13 1.379999999999999976e-12 5.169999999999999995e-15 9.630000000000000366e-14
6.149999999999999911e-01 3.809999999999999921e-13 1.460000000000000039e-12 2.050000000000000100e-13 1.619999999999999963e-12 5.999999999999999677e-15 1.109999999999999940e-13
6.949999999999999512e-01 4.429999999999999804e-13 1.700000000000000026e-12 2.389999999999999914e-13 1.889999999999999823e-12 6.900000000000000102e-15 1.280000000000000099e-13
7.780000000000000249e-01 5.130000000000000355e-13 1.969999999999999886e-12 2.769999999999999809e-13 2.190000000000000160e-12 7.880000000000000249e-15 1.449999999999999880e-13
8.649999999999999911e-01 5.880000000000000189e-13 2.260000000000000064e-12 3.190000000000000039e-13 2.510000000000000008e-12 8.910000000000000026e-15 1.640000000000000080e-13
9.569999999999999618e-01 6.689999999999999766e-13 2.559999999999999997e-12 3.630000000000000183e-13 2.850000000000000175e-12 9.970000000000000684e-15 1.830000000000000028e-13
1.050000000000000044e+00 7.530000000000000226e-13 2.879999999999999845e-12 4.079999999999999781e-13 3.200000000000000097e-12 1.100000000000000046e-14 2.010000000000000018e-13
1.149999999999999911e+00 8.379999999999999634e-13 3.200000000000000097e-12 4.539999999999999840e-13 3.550000000000000019e-12 1.190000000000000010e-14 2.180000000000000051e-13
1.260000000000000009e+00 9.219999999999999084e-13 3.519999999999999945e-12 4.989999999999999942e-13 3.879999999999999623e-12 1.270000000000000047e-14 2.330000000000000169e-13
1.370000000000000107e+00 9.999999999999999799e-13 3.810000000000000123e-12 5.390000000000000257e-13 4.170000000000000205e-12 1.319999999999999992e-14 2.430000000000000248e-13
1.489999999999999991e+00 1.070000000000000086e-12 4.060000000000000068e-12 5.739999999999999775e-13 4.409999999999999990e-12 1.330000000000000076e-14 2.460000000000000120e-13
1.610000000000000098e+00 1.130000000000000032e-12 4.260000000000000023e-12 6.009999999999999635e-13 4.580000000000000275e-12 1.299999999999999983e-14 2.430000000000000248e-13
1.739999999999999991e+00 1.170000000000000063e-12 4.420000000000000149e-12 6.189999999999999878e-13 4.680000000000000253e-12 1.239999999999999954e-14 2.330000000000000169e-13
1.870000000000000107e+00 1.199999999999999935e-12 4.520000000000000127e-12 6.290000000000000461e-13 4.699999999999999764e-12 1.149999999999999991e-14 2.180000000000000051e-13
2.009999999999999787e+00 1.210000000000000095e-12 4.549999999999999797e-12 6.280000000000000504e-13 4.630000000000000264e-12 1.040000000000000018e-14 1.979999999999999894e-13
2.160000000000000142e+00 1.210000000000000095e-12 4.520000000000000127e-12 6.169999999999999963e-13 4.459999999999999979e-12 8.919999999999999794e-15 1.719999999999999992e-13
2.319999999999999840e+00 1.199999999999999935e-12 4.430000000000000309e-12 5.959999999999999848e-13 4.199999999999999875e-12 7.229999999999999548e-15 1.420000000000000008e-13
2.479999999999999982e+00 1.170000000000000063e-12 4.289999999999999694e-12 5.660000000000000116e-13 3.860000000000000112e-12 5.300000000000000136e-15 1.069999999999999985e-13
2.649999999999999911e+00 1.120000000000000074e-12 4.099999999999999897e-12 5.299999999999999631e-13 3.450000000000000042e-12 3.169999999999999840e-15 6.989999999999999750e-14
2.830000000000000071e+00 1.070000000000000086e-12 3.889999999999999782e-12 4.930000000000000198e-13 3.029999999999999812e-12 1.209999999999999940e-15 3.449999999999999814e-14
3.020000000000000018e+00 1.020000000000000097e-12 3.689999999999999827e-12 4.609999999999999542e-13 2.750000000000000197e-12 4.260000000000000197e-16 1.579999999999999957e-14
3.209999999999999964e+00 9.679999999999999143e-13 3.500000000000000031e-12 4.330000000000000230e-13 2.540000000000000082e-12 2.100000000000000104e-16 8.999999999999999516e-15
3.419999999999999929e+00 9.179999999999999254e-13 3.319999999999999990e-12 4.090000000000000243e-13 2.379999999999999956e-12 1.349999999999999996e-16 6.169999999999999679e-15
3.640000000000000124e+00 8.730000000000000162e-13 3.170000000000000023e-12 3.900000000000000043e-13 2.240000000000000149e-12 9.560000000000000283e-17 4.510000000000000315e-15
3.870000000000000107e+00 8.339999999999999804e-13 3.039999999999999971e-12 3.750000000000000177e-13 2.149999999999999926e-12 7.039999999999999518e-17 3.380000000000000097e-15
4.110000000000000320e+00 8.020000000000000158e-13 2.939999999999999993e-12 3.650000000000000098e-13 2.090000000000000182e-12 5.299999999999999840e-17 2.560000000000000183e-15
4.360000000000000320e+00 7.770000000000000213e-13 2.859999999999999930e-12 3.599999999999999806e-13 2.049999999999999949e-12 4.040000000000000073e-17 1.939999999999999969e-15
4.620000000000000107e+00 7.580000000000000013e-13 2.809999999999999941e-12 3.589999999999999849e-13 2.040000000000000193e-12 2.979999999999999859e-17 1.439999999999999930e-15
4.889999999999999680e+00 7.449999999999999557e-13 2.790000000000000027e-12 3.609999999999999764e-13 2.040000000000000193e-12 2.210000000000000104e-17 1.060000000000000067e-15
5.179999999999999716e+00 7.320000000000000111e-13 2.759999999999999953e-12 3.630000000000000183e-13 2.049999999999999949e-12 1.660000000000000103e-17 7.720000000000000213e-16
5.490000000000000213e+00 7.090000000000000082e-13 2.679999999999999890e-12 3.550000000000000019e-13 1.999999999999999960e-12 1.260000000000000075e-17 5.579999999999999952e-16
5.809999999999999609e+00 6.090000000000000304e-13 2.290000000000000138e-12 2.969999999999999967e-13 1.659999999999999995e-12 9.879999999999999813e-18 4.020000000000000241e-16
6.139999999999999680e+00 3.110000000000000048e-15 1.860000000000000089e-14 3.770000000000000123e-15 3.209999999999999701e-14 7.830000000000000707e-18 2.819999999999999971e-16
6.490000000000000213e+00 7.290000000000000129e-16 4.410000000000000268e-15 8.939999999999999330e-16 7.649999999999999273e-15 3.450000000000000131e-18 1.449999999999999896e-16
6.860000000000000320e+00 3.370000000000000033e-16 2.050000000000000179e-15 4.160000000000000051e-16 3.550000000000000098e-15 1.720000000000000092e-18 8.030000000000000567e-17
7.250000000000000000e+00 2.149999999999999930e-16 1.319999999999999953e-15 2.680000000000000161e-16 2.260000000000000042e-15 9.339999999999999990e-19 4.540000000000000186e-17
7.650000000000000355e+00 1.559999999999999958e-16 9.579999999999999869e-16 1.949999999999999885e-16 1.630000000000000060e-15 5.209999999999999625e-19 2.559999999999999937e-17
8.070000000000000284e+00 1.200000000000000024e-16 7.439999999999999608e-16 1.520000000000000047e-16 1.259999999999999964e-15 2.939999999999999860e-19 1.429999999999999941e-17
8.519999999999999574e+00 9.669999999999999852e-17 6.020000000000000200e-16 1.239999999999999935e-16 1.020000000000000008e-15 1.679999999999999920e-19 7.950000000000000068e-18
8.990000000000000213e+00 7.960000000000000169e-17 4.990000000000000226e-16 1.029999999999999974e-16 8.489999999999999906e-16 9.969999999999999960e-20 4.460000000000000150e-18
9.480000000000000426e+00 6.670000000000000408e-17 4.209999999999999877e-16 8.699999999999999621e-17 7.190000000000000476e-16 6.269999999999999907e-20 2.580000000000000138e-18
9.990000000000000213e+00 5.659999999999999773e-17 3.579999999999999994e-16 7.429999999999999445e-17 6.150000000000000340e-16 4.280000000000000048e-20 1.559999999999999981e-18
1.050000000000000000e+01 4.829999999999999722e-17 3.079999999999999758e-16 6.400000000000000458e-17 5.309999999999999509e-16 3.210000000000000036e-20 1.010000000000000018e-18
1.109999999999999964e+01 4.150000000000000258e-17 2.650000000000000166e-16 5.520000000000000210e-17 4.589999999999999643e-16 2.589999999999999917e-20 6.959999999999999943e-19
1.169999999999999929e+01 3.560000000000000162e-17 2.269999999999999908e-16 4.739999999999999738e-17 3.939999999999999928e-16 2.109999999999999931e-20 5.000000000000000358e-19
1.230000000000000071e+01 3.060000000000000049e-17 1.960000000000000048e-16 4.079999999999999860e-17 3.389999999999999865e-16 1.780000000000000110e-20 3.720000000000000235e-19
1.300000000000000000e+01 2.649999999999999920e-17 1.690000000000000098e-16 3.530000000000000168e-17 2.929999999999999786e-16 1.539999999999999967e-20 2.820000000000000209e-19
1.369999999999999929e+01 2.300000000000000088e-17 1.469999999999999974e-16 3.060000000000000049e-17 2.550000000000000021e-16 1.330000000000000067e-20 2.129999999999999933e-19
1.440000000000000036e+01 2.000000000000000143e-17 1.280000000000000092e-16 2.660000000000000021e-17 2.209999999999999919e-16 1.159999999999999991e-20 1.579999999999999971e-19
1.509999999999999964e+01 1.739999999999999986e-17 1.110000000000000041e-16 2.319999999999999981e-17 1.919999999999999891e-16 1.009999999999999976e-20 1.099999999999999925e-19
