# k[h/mpc]  pk_dm  pk_gas    
1.000000000000000048e-04 1.231852320849920120e-06 1.231852320849920120e-06
1.063329999999999999e-04 1.307141084282880105e-06 1.307141084282880105e-06
1.130660000000000047e-04 1.387024120545280059e-06 1.387024120545280059e-06
1.202259999999999971e-04 1.471783286865919846e-06 1.471783286865919846e-06
1.278399999999999957e-04 1.561714533335040182e-06 1.561714533335040182e-06
1.359359999999999941e-04 1.657137298145279882e-06 1.657137298145279882e-06
1.445440000000000039e-04 1.758380414730239882e-06 1.758380414730239882e-06
1.536970000000000025e-04 1.865796204625920064e-06 1.865796204625920064e-06
1.634309999999999875e-04 1.979765175091199686e-06 1.979765175091199686e-06
1.737800000000000065e-04 2.100677228625920122e-06 2.100677228625920122e-06
1.847850000000000003e-04 2.228959848693760006e-06 2.228959848693760006e-06
1.964869999999999909e-04 2.365054611619840304e-06 2.365054611619840304e-06
2.089299999999999935e-04 2.509431279452159871e-06 2.509431279452159871e-06
2.221600000000000007e-04 2.662592497582080538e-06 2.662592497582080538e-06
2.362289999999999909e-04 2.825064399503360330e-06 2.825064399503360330e-06
2.511890000000000238e-04 2.997410699673600244e-06 2.997410699673600244e-06
2.670959999999999784e-04 3.180218600652799593e-06 3.180218600652799593e-06
2.840100000000000133e-04 3.374112885964799815e-06 3.374112885964799815e-06
3.019949999999999978e-04 3.579760617717760244e-06 3.579760617717760244e-06
3.211190000000000268e-04 3.797852346122240219e-06 3.797852346122240219e-06
3.414550000000000029e-04 4.029130295214080364e-06 4.029130295214080364e-06
3.630780000000000227e-04 4.274369572372479616e-06 4.274369572372479616e-06
3.860709999999999836e-04 4.534392261181440317e-06 4.534392261181440317e-06
4.105189999999999772e-04 4.810081514291201009e-06 4.810081514291201009e-06
4.365160000000000199e-04 5.102273508147199378e-06 5.102273508147199378e-06
4.641590000000000125e-04 5.412034602598399946e-06 5.412034602598399946e-06
4.935519999999999664e-04 5.740257345536000413e-06 5.740257345536000413e-06
5.248069999999999645e-04 6.088116142080000249e-06 6.088116142080000249e-06
5.580420000000000215e-04 6.456597492531200566e-06 6.456597492531200566e-06
5.933810000000000300e-04 6.846969754419200014e-06 6.846969754419200014e-06
6.309570000000000239e-04 7.260360356659199744e-06 7.260360356659199744e-06
6.709139999999999939e-04 7.698037656780800097e-06 7.698037656780800097e-06
7.133999999999999933e-04 8.161363964723199747e-06 8.161363964723199747e-06
7.585779999999999867e-04 8.651654614220799896e-06 8.651654614220799896e-06
8.066160000000000170e-04 9.170318891417599230e-06 9.170318891417599230e-06
8.576960000000000226e-04 9.718907011071998168e-06 9.718907011071998168e-06
9.120110000000000066e-04 1.029878128312319877e-05 1.029878128312319877e-05
9.697650000000000367e-04 1.091158587473919979e-05 1.091158587473919979e-05
1.031180000000000031e-03 1.155891797688319996e-05 1.155891797688319996e-05
1.096479999999999937e-03 1.224228082810879968e-05 1.224228082810879968e-05
1.165910000000000037e-03 1.296336557178879942e-05 1.296336557178879942e-05
1.239749999999999967e-03 1.372386335129599963e-05 1.372386335129599963e-05
1.318259999999999918e-03 1.452532438138880073e-05 1.452532438138880073e-05
1.401740000000000061e-03 1.536939282923519977e-05 1.536939282923519977e-05
1.490500000000000071e-03 1.625766588579839888e-05 1.625766588579839888e-05
1.584890000000000040e-03 1.719178771824640019e-05 1.719178771824640019e-05
1.685260000000000057e-03 1.817312063651839731e-05 1.817312063651839731e-05
1.791980000000000092e-03 1.920316787916800079e-05 1.920316787916800079e-05
1.905460000000000096e-03 2.028319780372480081e-05 2.028319780372480081e-05
2.026130000000000118e-03 2.141438481530880109e-05 2.141438481530880109e-05
2.154430000000000147e-03 2.259771541422079849e-05 2.259771541422079849e-05
2.290869999999999972e-03 2.383403517214719664e-05 2.383403517214719664e-05
2.435940000000000154e-03 2.512395477975039909e-05 2.512395477975039909e-05
2.590199999999999968e-03 2.646770911805440251e-05 2.646770911805440251e-05
2.754229999999999873e-03 2.786539213946880015e-05 2.786539213946880015e-05
2.928640000000000149e-03 2.931672198676479871e-05 2.931672198676479871e-05
3.114109999999999795e-03 3.082094704066560138e-05 3.082094704066560138e-05
3.311310000000000035e-03 3.237703382466560110e-05 3.237703382466560110e-05
3.521010000000000199e-03 3.398333817159680082e-05 3.398333817159680082e-05
3.743980000000000051e-03 3.563779312844799998e-05 3.563779312844799998e-05
3.981069999999999748e-03 3.733781500395519788e-05 3.733781500395519788e-05
4.233179999999999582e-03 3.908016243998720042e-05 3.908016243998720042e-05
4.501250000000000043e-03 4.086103036395519981e-05 4.086103036395519981e-05
4.786300000000000276e-03 4.267576813158400155e-05 4.267576813158400155e-05
5.089400000000000000e-03 4.451925533655039750e-05 4.451925533655039750e-05
5.411700000000000191e-03 4.638543204843519280e-05 4.638543204843519280e-05
5.754399999999999793e-03 4.826758066995200596e-05 4.826758066995200596e-05
6.118809999999999701e-03 5.015790315110400100e-05 5.015790315110400100e-05
6.506289999999999643e-03 5.204822563225599603e-05 5.204822563225599603e-05
6.918310000000000431e-03 5.392868311040000196e-05 5.392868311040000196e-05
7.356419999999999799e-03 5.578941058252800256e-05 5.578941058252800256e-05
7.822279999999999164e-03 5.761913375948800157e-05 5.761913375948800157e-05
8.317639999999999409e-03 5.940563882803199570e-05 5.940563882803199570e-05
8.844370000000000703e-03 6.113530268876800160e-05 6.113530268876800160e-05
9.404449999999999962e-03 6.279403248025600191e-05 6.279403248025600191e-05
1.000000000000000021e-02 6.436679581696000613e-05 6.436679581696000613e-05
1.063330000000000004e-02 6.583668126515199615e-05 6.583668126515199615e-05
1.130659999999999998e-02 6.718677739110400806e-05 6.718677739110400806e-05
1.202259999999999961e-02 6.839782395084799600e-05 6.839782395084799600e-05
1.278400000000000022e-02 6.945009093836799531e-05 6.945009093836799531e-05
1.359360000000000082e-02 7.032337858560000054e-05 7.032337858560000054e-05
1.445439999999999919e-02 7.099560807628800573e-05 7.099560807628800573e-05
1.536970000000000003e-02 7.144470059417599138e-05 7.144470059417599138e-05
1.634309999999999929e-02 7.164904708505600585e-05 7.164904708505600585e-05
1.737800000000000109e-02 7.158656873267200255e-05 7.158656873267200255e-05
1.847849999999999840e-02 7.123800529305600337e-05 7.123800529305600337e-05
1.964870000000000158e-02 7.058644533247999020e-05 7.058644533247999020e-05
2.089299999999999838e-02 6.961920527564800028e-05 6.961920527564800028e-05
2.221599999999999964e-02 6.833111774003200510e-05 6.833111774003200510e-05
2.362289999999999876e-02 6.672594082201599214e-05 6.672594082201599214e-05
2.511889999999999956e-02 6.481729762099199216e-05 6.481729762099199216e-05
2.670960000000000001e-02 6.263149481164799871e-05 6.263149481164799871e-05
2.840099999999999916e-02 6.020752264396799522e-05 6.020752264396799522e-05
3.019950000000000065e-02 5.759658518118400904e-05 5.759658518118400904e-05
3.211189999999999878e-02 5.485834220339199529e-05 5.485834220339199529e-05
3.414550000000000224e-02 5.205856039731200560e-05 5.205856039731200560e-05
3.630780000000000118e-02 4.926300644966399671e-05 4.926300644966399671e-05
3.860709999999999836e-02 4.653378290319359895e-05 4.653378290319359895e-05
4.105190000000000228e-02 4.392524122685439309e-05 4.392524122685439309e-05
4.365159999999999874e-02 4.148069348147199759e-05 4.148069348147199759e-05
4.641590000000000299e-02 3.923170767667199388e-05 3.923170767667199388e-05
4.935520000000000185e-02 3.719679243714560049e-05 3.719679243714560049e-05
5.248069999999999818e-02 3.537998771650559818e-05 3.537998771650559818e-05
5.580419999999999825e-02 3.376757646295040359e-05 3.376757646295040359e-05
5.933809999999999779e-02 3.232301118914560008e-05 3.232301118914560008e-05
6.309570000000000456e-02 3.098212239933439743e-05 3.098212239933439743e-05
6.709139999999999548e-02 2.965189720801280105e-05 2.965189720801280105e-05
7.134000000000000064e-02 2.821902900920319731e-05 2.821902900920319731e-05
7.585780000000000300e-02 2.657368743608319722e-05 2.657368743608319722e-05
8.066159999999999997e-02 2.464841465856000292e-05 2.464841465856000292e-05
8.576960000000000139e-02 2.246054489620479875e-05 2.246054489620479875e-05
9.120109999999999328e-02 2.013479997276160143e-05 2.013479997276160143e-05
9.697649999999999326e-02 1.788172723814400000e-05 1.788172723814400000e-05
1.031180000000000013e-01 1.592798688051199802e-05 1.592798688051199802e-05
1.096479999999999955e-01 1.442521808896000082e-05 1.442521808896000082e-05
1.165910000000000002e-01 1.337666222161919913e-05 1.337666222161919913e-05
1.239750000000000019e-01 1.261484910837760026e-05 1.261484910837760026e-05
1.318259999999999987e-01 1.185862616350719951e-05 1.185862616350719951e-05
1.401739999999999930e-01 1.086653569433600119e-05 1.086653569433600119e-05
1.490499999999999881e-01 9.620256980992000350e-06 9.620256980992000350e-06
1.584889999999999910e-01 8.357583572172800173e-06 8.357583572172800173e-06
1.685260000000000091e-01 7.368781437337599351e-06 7.368781437337599351e-06
1.791979999999999962e-01 6.734743601152000228e-06 6.734743601152000228e-06
1.905459999999999932e-01 6.256666764902399986e-06 6.256666764902399986e-06
2.026129999999999876e-01 5.665987965747199856e-06 5.665987965747199856e-06
2.154429999999999956e-01 4.944621364838400040e-06 4.944621364838400040e-06
2.290870000000000128e-01 4.321101500907520367e-06 4.321101500907520367e-06
2.435940000000000050e-01 3.906038545776640186e-06 3.906038545776640186e-06
2.590199999999999725e-01 3.543945959178239898e-06 3.543945959178239898e-06
2.754229999999999734e-01 3.114621028270079681e-06 3.114621028270079681e-06
2.928640000000000132e-01 2.729688610897919584e-06 2.729688610897919584e-06
3.114109999999999934e-01 2.448047472639999826e-06 2.448047472639999826e-06
3.311310000000000087e-01 2.170826795253759991e-06 2.170826795253759991e-06
3.521009999999999973e-01 1.901911510876159856e-06 1.901911510876159856e-06
3.743980000000000086e-01 1.688601960120320113e-06 1.688601960120320113e-06
3.981069999999999887e-01 1.487623663124480097e-06 1.487623663124480097e-06
4.233180000000000276e-01 1.307592055848960015e-06 1.307592055848960015e-06
4.501249999999999973e-01 1.152927599165440001e-06 1.152927599165440001e-06
4.786299999999999999e-01 1.011275551211519898e-06 1.011275551211519898e-06
5.089399999999999480e-01 8.887897948159999898e-07 8.887897948159999898e-07
5.411700000000000399e-01 7.788044065177600664e-07 7.788044065177600664e-07
5.754399999999999515e-01 6.825924414668799418e-07 6.825924414668799418e-07
6.118810000000000082e-01 5.972930487910399028e-07 5.972930487910399028e-07
6.506290000000000129e-01 5.222955378278399964e-07 5.222955378278399964e-07
6.918309999999999738e-01 4.563245046169599843e-07 4.563245046169599843e-07
7.356420000000000181e-01 3.982788269178879613e-07 3.982788269178879613e-07
7.822280000000000344e-01 3.473359513845760017e-07 3.473359513845760017e-07
8.317639999999999478e-01 3.026662782402560195e-07 3.026662782402560195e-07
8.844370000000000287e-01 2.635219463045119823e-07 2.635219463045119823e-07
9.404449999999999754e-01 2.292532746649599954e-07 2.292532746649599954e-07
1.000000000000000000e+00 1.992843350507520144e-07 1.992843350507520144e-07
1.063330000000000108e+00 1.731007380193280066e-07 1.731007380193280066e-07
1.130659999999999998e+00 1.502449353359360020e-07 1.502449353359360020e-07
1.202260000000000106e+00 1.303110525911039917e-07 1.303110525911039917e-07
1.278399999999999981e+00 1.129406613422080139e-07 1.129406613422080139e-07
1.359359999999999902e+00 9.781902101708799706e-08 9.781902101708799706e-08
1.445440000000000058e+00 8.466286510079998638e-08 8.466286510079998638e-08
1.536969999999999947e+00 7.322697780428800575e-08 7.322697780428800575e-08
1.634309999999999929e+00 6.329479882342400203e-08 6.329479882342400203e-08
1.737800000000000011e+00 5.467419548057599087e-08 5.467419548057599087e-08
1.847849999999999993e+00 4.719840224870400007e-08 4.719840224870400007e-08
1.964869999999999894e+00 4.071935013027840001e-08 4.071935013027840001e-08
2.089300000000000157e+00 3.510874710999039366e-08 3.510874710999039366e-08
2.221600000000000019e+00 3.025342751047680025e-08 3.025342751047680025e-08
2.362289999999999779e+00 2.605455339683840051e-08 2.605455339683840051e-08
2.511890000000000178e+00 2.242573552844800040e-08 2.242573552844800040e-08
2.670960000000000001e+00 1.929176500142079801e-08 1.929176500142079801e-08
2.840100000000000069e+00 1.658682815283200061e-08 1.658682815283200061e-08
3.019950000000000134e+00 1.425361401282559834e-08 1.425361401282559834e-08
3.211190000000000211e+00 1.224232780431359963e-08 1.224232780431359963e-08
3.414550000000000196e+00 1.050951653785599935e-08 1.050951653785599935e-08
3.630780000000000118e+00 9.017552273407999146e-09 9.017552273407999146e-09
3.860710000000000086e+00 7.733692596223999499e-09 7.733692596223999499e-09
4.105190000000000339e+00 6.629469926195199716e-09 6.629469926195199716e-09
4.365160000000000373e+00 5.680315708211199387e-09 5.680315708211199387e-09
4.641589999999999883e+00 4.864855769088000356e-09 4.864855769088000356e-09
4.935520000000000351e+00 4.164628460339200388e-09 4.164628460339200388e-09
5.248070000000000235e+00 3.563661872332799805e-09 3.563661872332799805e-09
5.580420000000000158e+00 3.048135605616639931e-09 3.048135605616639931e-09
5.933810000000000251e+00 2.606117704171519581e-09 2.606117704171519581e-09
6.309569999999999901e+00 2.227306286284800222e-09 2.227306286284800222e-09
6.709139999999999660e+00 1.902808756387840224e-09 1.902808756387840224e-09
7.134000000000000341e+00 1.624963295477760121e-09 1.624963295477760121e-09
7.585779999999999745e+00 1.387169746780159969e-09 1.387169746780159969e-09
8.066159999999999997e+00 1.183743989514240128e-09 1.183743989514240128e-09
8.576959999999999695e+00 1.009786405519360130e-09 1.009786405519360130e-09
9.120110000000000383e+00 8.610879268454400825e-10 8.610879268454400825e-10
9.697649999999999437e+00 7.340407809638399911e-10 7.340407809638399911e-10
1.031179999999999986e+01 6.255257478758400980e-10 6.255257478758400980e-10
1.096480000000000032e+01 5.328792767692799809e-10 5.328792767692799809e-10
1.165910000000000046e+01 4.538089288499199719e-10 4.538089288499199719e-10
1.239750000000000085e+01 3.863506289950720039e-10 3.863506289950720039e-10
1.318260000000000076e+01 3.288193407385600121e-10 3.288193407385600121e-10
1.401740000000000030e+01 2.797710155448320019e-10 2.797710155448320019e-10
1.490499999999999936e+01 2.379692397035519949e-10 2.379692397035519949e-10
1.584890000000000043e+01 2.023551695585279976e-10 2.023551695585279976e-10
1.685259999999999891e+01 1.720231038812160363e-10 1.720231038812160363e-10
1.791979999999999862e+01 1.461969957683199914e-10 1.461969957683199914e-10
1.905460000000000065e+01 1.242154202562559827e-10 1.242154202562559827e-10
2.026129999999999853e+01 1.055104350289920004e-10 1.055104350289920004e-10
2.154429999999999978e+01 8.959959446323200400e-11 8.959959446323200400e-11
2.290869999999999962e+01 7.606856843264000691e-11 7.606856843264000691e-11
2.435940000000000083e+01 6.456503540121600708e-11 6.456503540121600708e-11
2.590200000000000102e+01 5.478787789619199508e-11 5.478787789619199508e-11
2.754230000000000089e+01 4.648041793454079689e-11 4.648041793454079689e-11
2.928640000000000043e+01 3.942332361605119799e-11 3.942332361605119799e-11
3.114110000000000156e+01 3.343014638387200241e-11 3.343014638387200241e-11
3.311310000000000286e+01 2.834168387993600267e-11 2.834168387993600267e-11
3.521009999999999707e+01 2.402250370580480053e-11 2.402250370580480053e-11
3.743979999999999819e+01 2.035718532628480308e-11 2.035718532628480308e-11
3.981069999999999709e+01 1.724750149713919971e-11 1.724750149713919971e-11
4.233180000000000121e+01 1.460983457382400198e-11 1.460983457382400198e-11
4.501250000000000284e+01 1.237301560606719935e-11 1.237301560606719935e-11
4.786299999999999955e+01 1.047663319449600058e-11 1.047663319449600058e-11
5.089399999999999835e+01 8.869154442444799434e-12 8.869154442444799434e-12
5.411699999999999733e+01 7.506891479449599777e-12 7.506891479449599777e-12
5.754399999999999693e+01 6.352639151308800258e-12 6.352639151308800258e-12
6.118809999999999860e+01 5.374923400806400351e-12 5.374923400806400351e-12
6.506289999999999907e+01 4.546845653073919146e-12 4.546845653073919146e-12
6.918309999999999604e+01 3.845664727367679997e-12 3.845664727367679997e-12
7.356419999999999959e+01 3.252045217791999570e-12 3.252045217791999570e-12
7.822280000000000655e+01 2.749592428871679832e-12 2.749592428871679832e-12
8.317640000000000100e+01 2.324377915883519938e-12 2.324377915883519938e-12
8.844370000000000687e+01 1.964596558561280119e-12 1.964596558561280119e-12
9.404449999999999932e+01 1.660237727662079965e-12 1.660237727662079965e-12
1.000000000000000000e+02 1.402808125358080232e-12 1.402808125358080232e-12
1.063329999999999984e+02 1.185110997073920030e-12 1.185110997073920030e-12
1.130660000000000025e+02 1.001039436185600134e-12 1.001039436185600134e-12
1.202259999999999991e+02 8.454307577856000164e-13 8.454307577856000164e-13
1.278400000000000034e+02 7.139067795865600781e-13 7.139067795865600781e-13
1.359360000000000070e+02 6.027563814092800081e-13 6.027563814092800081e-13
1.445440000000000111e+02 5.088368551526399886e-13 5.088368551526399886e-13
1.536970000000000027e+02 4.294926359592960148e-13 4.294926359592960148e-13
1.634310000000000116e+02 3.624698055229439952e-13 3.624698055229439952e-13
1.737800000000000011e+02 3.058639485009919469e-13 3.058639485009919469e-13
1.847849999999999966e+02 2.580637810687999625e-13 2.580637810687999625e-13
1.964869999999999948e+02 2.177046444769280299e-13 2.177046444769280299e-13
2.089300000000000068e+02 1.836337426595840122e-13 1.836337426595840122e-13
2.221599999999999966e+02 1.548749100810240045e-13 1.548749100810240045e-13
2.362290000000000134e+02 1.306037143470080166e-13 1.306037143470080166e-13
2.511889999999999930e+02 1.101225588162559828e-13 1.101225588162559828e-13
2.670960000000000036e+02 9.284189211852799070e-14 9.284189211852799070e-14
2.840099999999999909e+02 7.826329672089599345e-14 7.826329672089599345e-14
3.019950000000000045e+02 6.596633559039999090e-14 6.596633559039999090e-14
3.211190000000000282e+02 5.559492909465600269e-14 5.559492909465600269e-14
3.414549999999999841e+02 4.684889928499199366e-14 4.684889928499199366e-14
3.630779999999999745e+02 3.947419884584960179e-14 3.947419884584960179e-14
3.860710000000000264e+02 3.325671023575039441e-14 3.325671023575039441e-14
4.105190000000000055e+02 2.801543413759999974e-14 2.801543413759999974e-14
4.365160000000000196e+02 2.359765090959359800e-14 2.359765090959359800e-14
4.641589999999999918e+02 1.987441086955520323e-14 1.987441086955520323e-14
4.935520000000000209e+02 1.673682317475839862e-14 1.673682317475839862e-14
5.248070000000000164e+02 1.409314329722879975e-14 1.409314329722879975e-14
5.580420000000000300e+02 1.186581352284159885e-14 1.186581352284159885e-14
5.933809999999999718e+02 9.989489950720000201e-15 9.989489950720000201e-15
6.309569999999999936e+02 8.409069492633600381e-15 8.409069492633600381e-15
6.709139999999999873e+02 7.077951753420800107e-15 7.077951753420800107e-15
7.133999999999999773e+02 5.957005554483199225e-15 5.957005554483199225e-15
7.585779999999999745e+02 5.013065695232000061e-15 5.013065695232000061e-15
8.066159999999999854e+02 4.218331657666560242e-15 4.218331657666560242e-15
8.576960000000000264e+02 3.549254270320639869e-15 3.549254270320639869e-15
9.120109999999999673e+02 2.986028365250559999e-15 2.986028365250559999e-15
9.697649999999999864e+02 2.511953901649920147e-15 2.511953901649920147e-15
1.031180000000000064e+03 2.112956808560639763e-15 2.112956808560639763e-15
1.096480000000000018e+03 1.777180291891199914e-15 1.777180291891199914e-15
1.165910000000000082e+03 1.494637210501120020e-15 1.494637210501120020e-15
1.239750000000000000e+03 1.256904730869760079e-15 1.256904730869760079e-15
1.318259999999999991e+03 1.056894143692800037e-15 1.056894143692800037e-15
1.401740000000000009e+03 8.886394709606399787e-16 8.886394709606399787e-16
1.490500000000000000e+03 7.471048635187199487e-16 7.471048635187199487e-16
1.584890000000000100e+03 6.280671605555200762e-16 6.280671605555200762e-16
1.685259999999999991e+03 5.279514728857599455e-16 5.279514728857599455e-16
1.791980000000000018e+03 4.437574303088639979e-16 4.437574303088639979e-16
1.905460000000000036e+03 3.729624106270719528e-16 3.729624106270719528e-16
2.026130000000000109e+03 3.134374522388479782e-16 3.134374522388479782e-16
2.154429999999999836e+03 2.633927617413120107e-16 2.633927617413120107e-16
2.290869999999999891e+03 2.213213424844800195e-16 2.213213424844800195e-16
2.435940000000000055e+03 1.859562462248959845e-16 1.859562462248959845e-16
2.590199999999999818e+03 1.562311131135999968e-16 1.562311131135999968e-16
2.754230000000000018e+03 1.312477581148160001e-16 1.312477581148160001e-16
2.928639999999999873e+03 1.102512736174079970e-16 1.102512736174079970e-16
3.114110000000000127e+03 9.260748085657599830e-17 9.260748085657599830e-17
3.311309999999999945e+03 7.778179062169599344e-17 7.778179062169599344e-17
3.521010000000000218e+03 6.532511039487999130e-17 6.532511039487999130e-17
3.743980000000000018e+03 5.485975148953600010e-17 5.485975148953600010e-17
3.981070000000000164e+03 4.606754407055359866e-17 4.606754407055359866e-17
4.233180000000000291e+03 3.868199212810240325e-17 3.868199212810240325e-17
4.501250000000000000e+03 3.247836149841920054e-17 3.247836149841920054e-17
4.786300000000000182e+03 2.726780783820799774e-17 2.726780783820799774e-17
5.089399999999999636e+03 2.289173948006400085e-17 2.289173948006400085e-17
5.411699999999999818e+03 1.921674400235520016e-17 1.921674400235520016e-17
5.754399999999999636e+03 1.613068920422400043e-17 1.613068920422400043e-17
6.118810000000000400e+03 1.353938779504639820e-17 1.353938779504639820e-17
6.506289999999999964e+03 1.136368486973440211e-17 1.136368486973440211e-17
6.918310000000000400e+03 9.537015146086400595e-18 9.537015146086400595e-18
7.356420000000000073e+03 8.003476940390400037e-18 8.003476940390400037e-18
7.822279999999999745e+03 6.716141024051199621e-18 6.716141024051199621e-18
8.317639999999999418e+03 5.635547385036800135e-18 5.635547385036800135e-18
8.844370000000000800e+03 4.728530822758399973e-18 4.728530822758399973e-18
9.404450000000000728e+03 3.967243843010560084e-18 3.967243843010560084e-18
