1.000000000000000048e-04 6.838154047727584839e+07 6.838154047727584839e+07
1.063329999999999999e-04 7.256090641021728516e+07 7.256090641021728516e+07
1.130660000000000047e-04 7.699530571699142456e+07 7.699530571699142456e+07
1.202259999999999971e-04 8.170038461685179174e+07 8.170038461685179174e+07
1.278399999999999957e-04 8.669257164001464844e+07 8.669257164001464844e+07
1.359359999999999941e-04 9.198959916830062866e+07 9.198959916830062866e+07
1.445440000000000039e-04 9.760972112417221069e+07 9.760972112417221069e+07
1.536970000000000025e-04 1.035724952816963196e+08 1.035724952816963196e+08
1.634309999999999875e-04 1.098990440368652344e+08 1.098990440368652344e+08
1.737800000000000065e-04 1.166110113263130188e+08 1.166110113263130188e+08
1.847850000000000003e-04 1.237321272492408752e+08 1.237321272492408752e+08
1.964869999999999909e-04 1.312869042158126980e+08 1.312869042158126980e+08
2.089299999999999935e-04 1.393014192581176758e+08 1.393014192581176758e+08
2.221600000000000007e-04 1.478035748004913628e+08 1.478035748004913628e+08
2.362289999999999909e-04 1.568225771188736260e+08 1.568225771188736260e+08
2.511890000000000238e-04 1.663897186517715454e+08 1.663897186517715454e+08
2.670959999999999784e-04 1.765375956892966926e+08 1.765375956892966926e+08
2.840100000000000133e-04 1.873008906841278076e+08 1.873008906841278076e+08
3.019949999999999978e-04 1.987166330218315125e+08 1.987166330218315125e+08
3.211190000000000268e-04 2.108231559395790100e+08 2.108231559395790100e+08
3.414550000000000029e-04 2.236616611480713189e+08 2.236616611480713189e+08
3.630780000000000227e-04 2.372751757502555847e+08 2.372751757502555847e+08
3.860709999999999836e-04 2.517093345522880852e+08 2.517093345522880852e+08
4.105189999999999772e-04 2.670131623744964898e+08 2.670131623744964898e+08
4.365160000000000199e-04 2.832330763339996338e+08 2.832330763339996338e+08
4.641590000000000125e-04 3.004282712936401367e+08 3.004282712936401367e+08
4.935519999999999664e-04 3.186482936143875122e+08 3.186482936143875122e+08
5.248069999999999645e-04 3.379583358764648438e+08 3.379583358764648438e+08
5.580420000000000215e-04 3.584131598472595215e+08 3.584131598472595215e+08
5.933810000000000300e-04 3.800831735134124756e+08 3.800831735134124756e+08
6.309570000000000239e-04 4.030309617519378662e+08 4.030309617519378662e+08
6.709139999999999939e-04 4.273269325494766235e+08 4.273269325494766235e+08
7.133999999999999933e-04 4.530467092990875244e+08 4.530467092990875244e+08
7.585779999999999867e-04 4.802633076906204224e+08 4.802633076906204224e+08
8.066160000000000170e-04 5.090549588203429580e+08 5.090549588203429580e+08
8.576960000000000226e-04 5.395077168941496611e+08 5.395077168941496611e+08
9.120110000000000066e-04 5.716972053050994873e+08 5.716972053050994873e+08
9.697650000000000367e-04 6.057146936655044556e+08 6.057146936655044556e+08
1.031180000000000031e-03 6.416488438844680786e+08 6.416488438844680786e+08
1.096479999999999937e-03 6.795831024646759033e+08 6.795831024646759033e+08
1.165910000000000037e-03 7.196113467216491699e+08 7.196113467216491699e+08
1.239749999999999967e-03 7.618274539709091187e+08 7.618274539709091187e+08
1.318259999999999918e-03 8.063174784183503389e+08 8.063174784183503389e+08
1.401740000000000061e-03 8.531726896762847900e+08 8.531726896762847900e+08
1.490500000000000071e-03 9.024817496538162231e+08 9.024817496538162231e+08
1.584890000000000040e-03 9.543359279632567167e+08 9.543359279632567167e+08
1.685260000000000057e-03 1.008810847997665286e+09 1.008810847997665286e+09
1.791980000000000092e-03 1.065989956259727478e+09 1.065989956259727478e+09
1.905460000000000096e-03 1.125943660736083984e+09 1.125943660736083984e+09
2.026130000000000118e-03 1.188737154006958008e+09 1.188737154006958008e+09
2.154430000000000147e-03 1.254425197839736938e+09 1.254425197839736938e+09
2.290869999999999972e-03 1.323054730892181158e+09 1.323054730892181158e+09
2.435940000000000154e-03 1.394659653306007385e+09 1.394659653306007385e+09
2.590199999999999968e-03 1.469253003597259521e+09 1.469253003597259521e+09
2.754229999999999873e-03 1.546839997172355652e+09 1.546839997172355652e+09
2.928640000000000149e-03 1.627404987812041998e+09 1.627404987812041998e+09
3.114109999999999795e-03 1.710906252264976501e+09 1.710906252264976501e+09
3.311310000000000035e-03 1.797286421060562134e+09 1.797286421060562134e+09
3.521010000000000199e-03 1.886454224586486816e+09 1.886454224586486816e+09
3.743980000000000051e-03 1.978294923901557922e+09 1.978294923901557922e+09
3.981069999999999748e-03 2.072665095329284668e+09 2.072665095329284668e+09
4.233179999999999582e-03 2.169384807348251343e+09 2.169384807348251343e+09
4.501250000000000043e-03 2.268242835998535156e+09 2.268242835998535156e+09
4.786300000000000276e-03 2.368981018662452698e+09 2.368981018662452698e+09
5.089400000000000000e-03 2.471315115690231323e+09 2.471315115690231323e+09
5.411700000000000191e-03 2.574908733367919922e+09 2.574908733367919922e+09
5.754399999999999793e-03 2.679388970136642456e+09 2.679388970136642456e+09
6.118809999999999701e-03 2.784322947263717651e+09 2.784322947263717651e+09
6.506289999999999643e-03 2.889256924390792847e+09 2.889256924390792847e+09
6.918310000000000431e-03 2.993643283843994141e+09 2.993643283843994141e+09
7.356419999999999799e-03 3.096934407949447632e+09 3.096934407949447632e+09
7.822279999999999164e-03 3.198504447937011719e+09 3.198504447937011719e+09
8.317639999999999409e-03 3.297675400972366333e+09 3.297675400972366333e+09
8.844370000000000703e-03 3.393691033124924183e+09 3.393691033124924183e+09
9.404449999999999962e-03 3.485769033432006836e+09 3.485769033432006836e+09
1.000000000000000021e-02 3.573074936866760731e+09 3.573074936866760731e+09
1.063330000000000004e-02 3.654669970273971558e+09 3.654669970273971558e+09
1.130659999999999998e-02 3.729615360498428345e+09 3.729615360498428345e+09
1.202259999999999961e-02 3.796841949224472046e+09 3.796841949224472046e+09
1.278400000000000022e-02 3.855254501104354858e+09 3.855254501104354858e+09
1.359360000000000082e-02 3.903731703758240223e+09 3.903731703758240223e+09
1.445439999999999919e-02 3.941047936677933216e+09 3.941047936677933216e+09
1.536970000000000003e-02 3.965977579355239391e+09 3.965977579355239391e+09
1.634309999999999929e-02 3.977321088314056396e+09 3.977321088314056396e+09
1.737800000000000109e-02 3.973852843046188354e+09 3.973852843046188354e+09
1.847849999999999840e-02 3.954503685235977173e+09 3.954503685235977173e+09
1.964870000000000158e-02 3.918334841728210449e+09 3.918334841728210449e+09
2.089299999999999838e-02 3.864642232656478405e+09 3.864642232656478405e+09
2.221599999999999964e-02 3.793139010667801380e+09 3.793139010667801380e+09
2.362289999999999876e-02 3.704033792018890381e+09 3.704033792018890381e+09
2.511889999999999956e-02 3.598082810640335083e+09 3.598082810640335083e+09
2.670960000000000001e-02 3.476746380329132080e+09 3.476746380329132080e+09
2.840099999999999916e-02 3.342188894748687267e+09 3.342188894748687267e+09
3.019950000000000065e-02 3.197252750396728992e+09 3.197252750396728992e+09
3.211189999999999878e-02 3.045249730348587036e+09 3.045249730348587036e+09
3.414550000000000224e-02 2.889830619096755981e+09 2.889830619096755981e+09
3.630780000000000118e-02 2.734646201133727551e+09 2.734646201133727551e+09
3.860709999999999836e-02 2.583143860101699829e+09 2.583143860101699829e+09
4.105190000000000228e-02 2.438340708613395214e+09 2.438340708613395214e+09
4.365159999999999874e-02 2.302641049027442932e+09 2.302641049027442932e+09
4.641590000000000299e-02 2.177797257900238037e+09 2.177797257900238037e+09
4.935520000000000185e-02 2.064836770296096802e+09 2.064836770296096802e+09
5.248069999999999818e-02 1.963983848690986633e+09 1.963983848690986633e+09
5.580419999999999825e-02 1.874477043747901917e+09 1.874477043747901917e+09
5.933809999999999779e-02 1.794287562370300293e+09 1.794287562370300293e+09
6.309570000000000456e-02 1.719853281974792480e+09 1.719853281974792480e+09
6.709139999999999548e-02 1.646010950207710266e+09 1.646010950207710266e+09
7.134000000000000064e-02 1.566470786929130316e+09 1.566470786929130316e+09
7.585780000000000300e-02 1.475135982036590576e+09 1.475135982036590576e+09
8.066159999999999997e-02 1.368261873722076416e+09 1.368261873722076416e+09
8.576960000000000139e-02 1.246810704469680786e+09 1.246810704469680786e+09
9.120109999999999328e-02 1.117705926299095154e+09 1.117705926299095154e+09
9.697649999999999326e-02 9.926352649927139282e+08 9.926352649927139282e+08
1.031180000000000013e-01 8.841808885335922241e+08 8.841808885335922241e+08
1.096479999999999955e-01 8.007604628801345825e+08 8.007604628801345825e+08
1.165910000000000002e-01 7.425539195537567139e+08 7.425539195537567139e+08
1.239750000000000019e-01 7.002647966146469116e+08 7.002647966146469116e+08
1.318259999999999987e-01 6.582859903573989868e+08 6.582859903573989868e+08
1.401739999999999930e-01 6.032139062881469727e+08 6.032139062881469727e+08
1.490499999999999881e-01 5.340315401554108262e+08 5.340315401554108262e+08
1.584889999999999910e-01 4.639390856027603149e+08 4.639390856027603149e+08
1.685260000000000091e-01 4.090495407581329346e+08 4.090495407581329346e+08
1.791979999999999962e-01 3.738533705472946167e+08 3.738533705472946167e+08
1.905459999999999932e-01 3.473147749900817871e+08 3.473147749900817871e+08
2.026129999999999876e-01 3.145255148410797119e+08 3.145255148410797119e+08
2.154429999999999956e-01 2.744816243648529053e+08 2.744816243648529053e+08
2.290870000000000128e-01 2.398693189024925530e+08 2.398693189024925530e+08
2.435940000000000050e-01 2.168286964297294617e+08 2.168286964297294617e+08
2.590199999999999725e-01 1.967285200953483582e+08 1.967285200953483582e+08
2.754229999999999734e-01 1.728961989283561409e+08 1.728961989283561409e+08
2.928640000000000132e-01 1.515281572937965095e+08 1.515281572937965095e+08
3.114109999999999934e-01 1.358939334750175476e+08 1.358939334750175476e+08
3.311310000000000087e-01 1.205050945281982273e+08 1.205050945281982273e+08
3.521009999999999973e-01 1.055772975087165833e+08 1.055772975087165833e+08
3.743980000000000086e-01 9.373623877763748169e+07 9.373623877763748169e+07
3.981069999999999887e-01 8.257970213890075684e+07 8.257970213890075684e+07
4.233180000000000276e-01 7.258594036102294922e+07 7.258594036102294922e+07
4.501249999999999973e-01 6.400033831596375257e+07 6.400033831596375257e+07
4.786299999999999999e-01 5.613707005977630615e+07 5.613707005977630615e+07
5.089399999999999480e-01 4.933774471282958984e+07 4.933774471282958984e+07
5.411700000000000399e-01 4.323232918977737427e+07 4.323232918977737427e+07
5.754399999999999515e-01 3.789149224758148193e+07 3.789149224758148193e+07
6.118810000000000082e-01 3.315642476081847772e+07 3.315642476081847772e+07
6.506290000000000129e-01 2.899322658777236938e+07 2.899322658777236938e+07
6.918309999999999738e-01 2.533109858632087708e+07 2.533109858632087708e+07
7.356420000000000181e-01 2.210891619324684143e+07 2.210891619324684143e+07
7.822280000000000344e-01 1.928101852536201477e+07 1.928101852536201477e+07
8.317639999999999478e-01 1.680135354399681091e+07 1.680135354399681091e+07
8.844370000000000287e-01 1.462840661406517029e+07 1.462840661406517029e+07
9.404449999999999754e-01 1.272611320018768311e+07 1.272611320018768311e+07
1.000000000000000000e+00 1.106250286102294922e+07 1.106250286102294922e+07
1.063330000000000108e+00 9.609021246433258057e+06 9.609021246433258057e+06
1.130659999999999998e+00 8.340269327163697220e+06 8.340269327163697220e+06
1.202260000000000106e+00 7.233716547489166260e+06 7.233716547489166260e+06
1.278399999999999981e+00 6.269466131925583817e+06 6.269466131925583817e+06
1.359359999999999902e+00 5.430046468973159790e+06 5.430046468973159790e+06
1.445440000000000058e+00 4.699733108282089233e+06 4.699733108282089233e+06
1.536969999999999947e+00 4.064913839101791382e+06 4.064913839101791382e+06
1.634309999999999929e+00 3.513567149639129639e+06 3.513567149639129639e+06
1.737800000000000011e+00 3.035027533769607078e+06 3.035027533769607078e+06
1.847849999999999993e+00 2.620037645101547241e+06 2.620037645101547241e+06
1.964869999999999894e+00 2.260378003120422363e+06 2.260378003120422363e+06
2.089300000000000157e+00 1.948926970362663036e+06 1.948926970362663036e+06
2.221600000000000019e+00 1.679402589797973633e+06 1.679402589797973633e+06
2.362289999999999779e+00 1.446318253874778748e+06 1.446318253874778748e+06
2.511890000000000178e+00 1.244878396391868591e+06 1.244878396391868591e+06
2.670960000000000001e+00 1.070908084511756897e+06 1.070908084511756897e+06
2.840100000000000069e+00 9.207539260387420654e+05 9.207539260387420654e+05
3.019950000000000134e+00 7.912345230579375057e+05 7.912345230579375057e+05
3.211190000000000211e+00 6.795857101678848267e+05 6.795857101678848267e+05
3.414550000000000196e+00 5.833953619003295898e+05 5.833953619003295898e+05
3.630780000000000118e+00 5.005747079849242582e+05 5.005747079849242582e+05
3.860710000000000086e+00 4.293061792850494385e+05 4.293061792850494385e+05
4.105190000000000339e+00 3.680095076560974121e+05 3.680095076560974121e+05
4.365160000000000373e+00 3.153208643198012724e+05 3.153208643198012724e+05
4.641589999999999883e+00 2.700537443161010742e+05 2.700537443161010742e+05
4.935520000000000351e+00 2.311833202838897705e+05 2.311833202838897705e+05
5.248070000000000235e+00 1.978229731321334548e+05 1.978229731321334548e+05
5.580420000000000158e+00 1.692055165767669678e+05 1.692055165767669678e+05
5.933810000000000251e+00 1.446685940027236647e+05 1.446685940027236647e+05
6.309569999999999901e+00 1.236403360962867882e+05 1.236403360962867882e+05
6.709139999999999660e+00 1.056271046400070190e+05 1.056271046400070190e+05
7.134000000000000341e+00 9.020358324050903320e+04 9.020358324050903320e+04
7.585779999999999745e+00 7.700338959693908691e+04 7.700338959693908691e+04
8.066159999999999997e+00 6.571099162101745605e+04 6.571099162101745605e+04
8.576959999999999695e+00 5.605440586805344356e+04 5.605440586805344356e+04
9.120110000000000383e+00 4.779998213052749634e+04 4.779998213052749634e+04
9.697649999999999437e+00 4.074744880199432373e+04 4.074744880199432373e+04
1.031179999999999986e+01 3.472365438938140869e+04 3.472365438938140869e+04
1.096480000000000032e+01 2.958074212074279785e+04 2.958074212074279785e+04
1.165910000000000046e+01 2.519145607948303223e+04 2.519145607948303223e+04
1.239750000000000085e+01 2.144676819443702698e+04 2.144676819443702698e+04
1.318260000000000076e+01 1.825314015150070190e+04 1.825314015150070190e+04
1.401740000000000030e+01 1.553041115403175354e+04 1.553041115403175354e+04
1.490499999999999936e+01 1.320994645357131776e+04 1.320994645357131776e+04
1.584890000000000043e+01 1.123296841979026794e+04 1.123296841979026794e+04
1.685259999999999891e+01 9.549200534820558460e+03 9.549200534820558460e+03
1.791979999999999862e+01 8.115563541650771185e+03 8.115563541650771185e+03
1.905460000000000065e+01 6.895340979099273682e+03 6.895340979099273682e+03
2.026129999999999853e+01 5.857005715370178223e+03 5.857005715370178223e+03
2.154429999999999978e+01 4.973776638507843018e+03 4.973776638507843018e+03
2.290869999999999962e+01 4.222653806209564209e+03 4.222653806209564209e+03
2.435940000000000083e+01 3.584079444408416748e+03 3.584079444408416748e+03
2.590200000000000102e+01 3.041338175535202026e+03 3.041338175535202026e+03
2.754230000000000089e+01 2.580181509256362915e+03 2.580181509256362915e+03
2.928640000000000043e+01 2.188434079289435886e+03 2.188434079289435886e+03
3.114110000000000156e+01 1.855745911598205566e+03 1.855745911598205566e+03
3.311310000000000286e+01 1.573279500007629395e+03 1.573279500007629395e+03
3.521009999999999707e+01 1.333516836166381836e+03 1.333516836166381836e+03
3.743979999999999819e+01 1.130050793290138245e+03 1.130050793290138245e+03
3.981069999999999709e+01 9.574286639690400307e+02 9.574286639690400307e+02
4.233180000000000121e+01 8.110087364912033081e+02 8.110087364912033081e+02
4.501250000000000284e+01 6.868403404951095581e+02 6.868403404951095581e+02
4.786299999999999955e+01 5.815699696540832520e+02 5.815699696540832520e+02
5.089399999999999835e+01 4.923369735479354858e+02 4.923369735479354858e+02
5.411699999999999733e+01 4.167161881923675537e+02 4.167161881923675537e+02
5.754399999999999693e+01 3.526423126459121704e+02 3.526423126459121704e+02
6.118809999999999860e+01 2.983681857585906982e+02 2.983681857585906982e+02
6.506289999999999907e+01 2.524006366729736044e+02 2.524006366729736044e+02
6.918309999999999604e+01 2.134772762656211853e+02 2.134772762656211853e+02
7.356419999999999959e+01 1.805247738957404806e+02 1.805247738957404806e+02
7.822280000000000655e+01 1.526330411434173300e+02 1.526330411434173300e+02
8.317640000000000100e+01 1.290288940072059631e+02 1.290288940072059631e+02
8.844370000000000687e+01 1.090570166707038879e+02 1.090570166707038879e+02
9.404449999999999932e+01 9.216170758008956909e+01 9.216170758008956909e+01
1.000000000000000000e+02 7.787149399518968096e+01 7.787149399518968096e+01
1.063329999999999984e+02 6.578687578439712524e+01 6.578687578439712524e+01
1.130660000000000025e+02 5.556885153055191040e+01 5.556885153055191040e+01
1.202259999999999991e+02 4.693083465099334717e+01 4.693083465099334717e+01
1.278400000000000034e+02 3.962978720664978738e+01 3.962978720664978738e+01
1.359360000000000070e+02 3.345970064401626587e+01 3.345970064401626587e+01
1.445440000000000111e+02 2.824611961841583252e+01 2.824611961841583252e+01
1.536970000000000027e+02 2.384163066744804382e+01 2.384163066744804382e+01
1.634310000000000116e+02 2.012111619114875793e+01 2.012111619114875793e+01
1.737800000000000011e+02 1.697885990142821910e+01 1.697885990142821910e+01
1.847849999999999966e+02 1.432541757822036566e+01 1.432541757822036566e+01
1.964869999999999948e+02 1.208503544330597101e+01 1.208503544330597101e+01
2.089300000000000068e+02 1.019372045993804932e+01 1.019372045993804932e+01
2.221599999999999966e+02 8.597284555435180664e+00 8.597284555435180664e+00
2.362290000000000134e+02 7.249962538480759555e+00 7.249962538480759555e+00
2.511889999999999930e+02 6.113030016422270840e+00 6.113030016422270840e+00
2.670960000000000036e+02 5.153760313987731934e+00 5.153760313987731934e+00
2.840099999999999909e+02 4.344485700130462646e+00 4.344485700130462646e+00
3.019950000000000045e+02 3.661867231130599531e+00 3.661867231130599531e+00
3.211190000000000282e+02 3.086138516664505005e+00 3.086138516664505005e+00
3.414549999999999841e+02 2.600636333227157149e+00 2.600636333227157149e+00
3.630779999999999745e+02 2.191258221864700317e+00 2.191258221864700317e+00
3.860710000000000264e+02 1.846118271350860374e+00 1.846118271350860374e+00
4.105190000000000055e+02 1.555169001221656799e+00 1.555169001221656799e+00
4.365160000000000196e+02 1.309932768344878928e+00 1.309932768344878928e+00
4.641589999999999918e+02 1.103251427412033303e+00 1.103251427412033303e+00
4.935520000000000209e+02 9.290803223848342896e-01 9.290803223848342896e-01
5.248070000000000164e+02 7.823266088962554932e-01 7.823266088962554932e-01
5.580420000000000300e+02 6.586849689483641468e-01 6.586849689483641468e-01
5.933809999999999718e+02 5.545280873775482178e-01 5.545280873775482178e-01
6.309569999999999936e+02 4.667971283197402954e-01 4.667971283197402954e-01
6.709139999999999873e+02 3.929052501916885376e-01 3.929052501916885376e-01
7.133999999999999773e+02 3.306802362203597467e-01 3.306802362203597467e-01
7.585779999999999745e+02 2.782810479402542114e-01 2.782810479402542114e-01
8.066159999999999854e+02 2.341644465923309604e-01 2.341644465923309604e-01
8.576960000000000264e+02 1.970231905579566956e-01 1.970231905579566956e-01
9.120109999999999673e+02 1.657578721642494202e-01 1.657578721642494202e-01
9.697649999999999864e+02 1.394414529204368591e-01 1.394414529204368591e-01
1.031180000000000064e+03 1.172926649451255660e-01 1.172926649451255660e-01
1.096480000000000018e+03 9.865332394838331742e-02 9.865332394838331742e-02
1.165910000000000082e+03 8.296903222799301147e-02 8.296903222799301147e-02
1.239750000000000000e+03 6.977222859859466553e-02 6.977222859859466553e-02
1.318259999999999991e+03 5.866941064596176841e-02 5.866941064596176841e-02
1.401740000000000009e+03 4.932940006256103516e-02 4.932940006256103516e-02
1.490500000000000000e+03 4.147265106439590454e-02 4.147265106439590454e-02
1.584890000000000100e+03 3.486473113298416138e-02 3.486473113298416138e-02
1.685259999999999991e+03 2.930719405412673603e-02 2.930719405412673603e-02
1.791980000000000018e+03 2.463348582386970520e-02 2.463348582386970520e-02
1.905460000000000036e+03 2.070357277989387512e-02 2.070357277989387512e-02
2.026130000000000109e+03 1.739927381277084351e-02 1.739927381277084351e-02
2.154429999999999836e+03 1.462123543024063110e-02 1.462123543024063110e-02
2.290869999999999891e+03 1.228580251336097891e-02 1.228580251336097891e-02
2.435940000000000055e+03 1.032264530658721750e-02 1.032264530658721750e-02
2.590199999999999818e+03 8.672568947076797485e-03 8.672568947076797485e-03
2.754230000000000018e+03 7.285714149475098524e-03 7.285714149475098524e-03
2.928639999999999873e+03 6.120175123214721680e-03 6.120175123214721680e-03
3.114110000000000127e+03 5.140747874975204468e-03 5.140747874975204468e-03
3.311309999999999945e+03 4.317756742238997546e-03 4.317756742238997546e-03
3.521010000000000218e+03 3.626272082328795953e-03 3.626272082328795953e-03
3.743980000000000018e+03 3.045327961444854736e-03 3.045327961444854736e-03
3.981070000000000164e+03 2.557262405753135768e-03 2.557262405753135768e-03
4.233180000000000291e+03 2.147281914949417028e-03 2.147281914949417028e-03
4.501250000000000000e+03 1.802911236882209734e-03 1.802911236882209734e-03
4.786300000000000182e+03 1.513667404651641629e-03 1.513667404651641629e-03
5.089399999999999636e+03 1.270746812224388123e-03 1.270746812224388123e-03
5.411699999999999818e+03 1.066743582487106280e-03 1.066743582487106280e-03
5.754399999999999636e+03 8.954331278800963271e-04 8.954331278800963271e-04
6.118810000000000400e+03 7.515870034694670763e-04 7.515870034694670763e-04
6.506289999999999964e+03 6.308112293481828083e-04 6.308112293481828083e-04
6.918310000000000400e+03 5.294106900691986301e-04 5.294106900691986301e-04
7.356420000000000073e+03 4.442822188138962009e-04 4.442822188138962009e-04
7.822279999999999745e+03 3.728207200765609308e-04 3.728207200765609308e-04
8.317639999999999418e+03 3.128357231616974311e-04 3.128357231616974311e-04
8.844370000000000800e+03 2.624861896038055637e-04 2.624861896038055637e-04
9.404450000000000728e+03 2.202262729406356844e-04 2.202262729406356844e-04