# z   photoionization_HI [s^-1]   photoheating_HI [eV s^-1]   photoionization_HeI [s^-1]  photoheating_HeI [eV s^-1]  photoionization_HeII [s^-1]   photoheating_HeII [eV s^-1] 
0.000000000000000000e+00 7.071534104046243029e-14 2.678243930635842077e-13 3.600941618497106418e-14 2.919043352601156946e-13 5.170000000000003151e-16 9.776000000000008970e-15
4.909999999999999781e-02 8.452080000000004765e-14 3.215025000000000732e-13 4.350374999999994728e-14 3.511844999999997442e-13 5.170000000000003151e-16 9.776000000000008970e-15
1.010000000000000064e-01 1.015971428571429769e-13 3.862542857142854281e-13 5.256899999999993736e-14 4.230514285714289992e-13 5.170000000000003151e-16 9.776000000000008970e-15
1.549999999999999989e-01 1.209330000000001119e-13 4.609439999999999391e-13 6.309900000000001972e-14 5.061420000000007528e-13 5.170000000000003151e-16 9.776000000000008970e-15
2.109999999999999931e-01 1.433438709677420404e-13 5.471419354838710884e-13 7.526206451612910376e-14 6.020390322580649526e-13 5.170000000000003151e-16 9.776000000000008970e-15
2.710000000000000187e-01 1.698545454545456538e-13 6.492272727272731967e-13 8.983636363636369556e-14 7.158190909090907521e-13 5.612240325865586897e-16 1.062027698574338587e-14
3.330000000000000182e-01 1.995065217391306484e-13 7.633369565217399552e-13 1.061099999999999260e-13 8.457456521739128621e-13 7.032884393063580772e-16 1.328497109826589992e-14
3.990000000000000213e-01 2.343262500000002305e-13 8.953875000000007626e-13 1.248749999999998087e-13 9.973125000000011589e-13 8.768111111111107232e-16 1.656488888888891097e-14
4.680000000000000271e-01 2.735208000000004414e-13 1.047168000000000330e-12 1.469663999999999452e-13 1.164456000000001395e-12 1.085778333333334091e-15 2.055466666666667986e-14
5.400000000000000355e-01 3.180262500000005201e-13 1.219049999999998325e-12 1.712137499999999529e-13 1.353206250000002325e-12 1.336316129032257287e-15 2.520109677419357413e-14
6.149999999999999911e-01 3.656613253012055077e-13 1.403349397590361816e-12 1.972984337349395240e-13 1.560177108433736489e-12 1.631469696969696261e-15 3.063830303030305546e-14
6.949999999999999512e-01 4.204179310344831070e-13 1.614599999999998189e-12 2.271072413793101366e-13 1.794755172413790088e-12 1.978700000000001959e-15 3.698899999999998002e-14
7.780000000000000249e-01 4.784194565217396196e-13 1.838523913043479435e-12 2.595521739130434101e-13 2.042080434782610278e-12 2.371933333333337337e-15 4.419566666666669305e-14
8.649999999999999911e-01 5.404636956521730185e-13 2.068317391304350173e-12 2.932552173913049237e-13 2.302513043478261062e-12 2.820000000000001253e-15 5.217000000000001903e-14
9.569999999999999618e-01 6.077351612903231031e-13 2.324438709677422464e-12 3.293041935483874665e-13 2.582854838709678956e-12 3.309592771084339109e-15 6.131518072289159253e-14
1.050000000000000044e+00 6.718950000000000365e-13 2.566080000000002734e-12 3.640140000000000179e-13 2.847149999999996406e-12 3.826016091954019220e-15 7.040816091954017264e-14
1.149999999999999911e+00 7.341537077243664166e-13 2.802950012529833729e-12 3.974061723436142571e-13 3.093120194000344074e-12 4.377232608695644385e-15 8.047728260869567526e-14
1.205000000000000071e+00 7.665146474412709533e-13 2.924461826416239519e-12 4.143003833755061966e-13 3.216194207193044923e-12 4.675069565217384563e-15 8.581586956521744986e-14
1.260000000000000009e+00 7.982795387976094380e-13 3.042545718991099670e-12 4.305855437470427569e-13 3.334221365149271976e-12 4.961784946236558237e-15 9.083129032258073398e-14
1.314999999999999947e+00 8.262578004492624677e-13 3.144224167608178026e-12 4.447287060499703953e-13 3.433606837827306381e-12 5.233450000000003817e-15 9.566850000000010374e-14
1.370000000000000107e+00 8.522852575279395046e-13 3.237170715092721734e-12 4.577410337571174059e-13 3.522820146709121926e-12 5.466100000000004156e-15 1.000630000000000831e-13
1.430000000000000160e+00 8.786842873617529964e-13 3.328613150812521675e-12 4.703446736203751891e-13 3.606199484245737204e-12 5.693877607696996887e-15 1.043507440250762696e-13
1.489999999999999991e+00 9.029842873617530040e-13 3.409613150812520623e-12 4.812796736203749804e-13 3.675049484245732816e-12 5.899524465737394091e-15 1.082068596530812490e-13
1.550000000000000044e+00 9.227119014375729582e-13 3.480232021955028574e-12 4.901497931005271753e-13 3.728391374362364125e-12 6.053629617763239126e-15 1.112011362921915607e-13
1.610000000000000098e+00 9.376440737116356623e-13 3.539955516452863127e-12 4.968707497750623193e-13 3.765742345303670572e-12 6.182430131713543678e-15 1.137782386185026163e-13
1.675000000000000044e+00 9.523434993019974535e-13 3.595689801095094523e-12 5.029414514530798735e-13 3.793912063306055111e-12 6.225501021867887435e-15 1.148542676193838517e-13
1.739999999999999991e+00 9.644757527293489895e-13 3.636137527905994624e-12 5.069877069403117382e-13 3.802010070520453795e-12 6.250999999999999220e-15 1.156200000000000415e-13
1.805000000000000160e+00 9.734434276693602016e-13 3.665532109367677895e-12 5.093452996079008988e-13 3.796837017150369921e-12 6.174256404359364604e-15 1.148542676193838517e-13
1.870000000000000107e+00 9.772011410530054515e-13 3.676807075878208820e-12 5.089691706443728759e-13 3.770474034300732463e-12 6.088051448198012656e-15 1.138446634464253199e-13
1.939999999999999947e+00 9.801000000000014480e-13 3.682254641661199358e-12 5.074867517048015048e-13 3.731768301817074467e-12 5.935180317913135803e-15 1.112987018475102934e-13
2.009999999999999787e+00 9.801000000000014480e-13 3.670903924983593998e-12 5.033182551144058464e-13 3.667164905451236860e-12 5.761697344518955983e-15 1.084073427833764927e-13
2.084999999999999964e+00 9.793390495264150696e-13 3.654331261351933654e-12 4.981615074929208926e-13 3.592559798942834175e-12 5.516739583677394092e-15 1.043265037170624717e-13
2.160000000000000142e+00 9.755363977899313705e-13 3.620033386309013612e-12 4.901374516336328502e-13 3.492754061733251190e-12 5.253573652028064381e-15 9.970968792545139931e-14
2.240000000000000213e+00 9.704716372731494933e-13 3.581155601264344298e-12 4.812216415254255587e-13 3.384424295547316540e-12 4.960001111728319235e-15 9.437055824844006067e-14
2.319999999999999840e+00 9.582639609120431054e-13 3.524114208850371725e-12 4.689539906779845104e-13 3.244545068831201554e-12 4.599087093446557044e-15 8.800004692452440283e-14
2.399999999999999911e+00 9.452916357385035780e-13 3.465744539192454273e-12 4.567165273910179763e-13 3.106516430944549962e-12 4.236994515574420331e-15 8.162600782075418028e-14
2.479999999999999982e+00 9.260507329668445575e-13 3.392603372363123734e-12 4.427969250104926159e-13 2.946396153438782309e-12 3.826661484586843835e-15 7.437588891947884329e-14
2.564999999999999947e+00 9.060621558602551653e-13 3.316212896031420187e-12 4.284524400879551605e-13 2.784743427686616456e-12 3.421619570327625620e-15 6.715952777996267202e-14
2.649999999999999911e+00 8.867188054845785374e-13 3.234832128565563116e-12 4.140439215832055391e-13 2.618881698359051800e-12 2.909410094847396101e-15 5.793405388888283377e-14
2.740000000000000213e+00 8.667000000000003358e-13 3.150900000000003467e-12 3.993299999999997737e-13 2.454300000000003790e-12 2.424586362032527027e-15 4.915552761870821451e-14
2.830000000000000071e+00 8.472862804277187478e-13 3.073150622242745741e-12 3.868461287391831184e-13 2.344264743662051537e-12 1.849439828345374076e-15 3.927157568389879655e-14
2.924999999999999822e+00 8.272530389711314001e-13 2.993106905914072570e-12 3.740806621229370446e-13 2.233323772308711915e-12 1.331731202839817837e-15 3.013842818882867927e-14
3.020000000000000018e+00 8.059874402619938466e-13 2.915036618989977630e-12 3.624985634555047785e-13 2.145326396586825449e-12 8.032282201488963750e-16 2.079202765318890866e-14
3.115000000000000213e+00 7.851739221198197308e-13 2.838996478832776815e-12 3.513174932913878026e-13 2.061787431389328410e-12 4.834985982064423188e-16 1.428383523313383107e-14
3.209999999999999964e+00 7.664927379255469269e-13 2.771689550526526733e-12 3.422798096022112496e-13 2.000953768059589164e-12 2.868846645945025563e-16 9.666379196650488756e-15
3.314999999999999947e+00 7.464155807483647771e-13 2.699409006088207569e-12 3.326490215523094841e-13 1.936832518668395460e-12 1.719677511738939514e-16 6.563250123611842532e-15
3.367499999999999716e+00 7.372888658751603726e-13 2.668250408392208861e-12 3.286355095130260044e-13 1.908177515379604162e-12 1.394743540211916254e-16 5.568464435377552533e-15
3.419999999999999929e+00 7.284812781003828672e-13 2.638920980141301097e-12 3.249192228312622360e-13 1.880706036911047510e-12 1.163321530902450228e-16 4.808795431514618063e-15
3.530000000000000249e+00 7.103814443665752725e-13 2.578554698709257397e-12 3.172742335144321594e-13 1.824475919022945554e-12 8.565736915351258454e-17 3.744911561494355839e-15
3.584999999999999964e+00 7.022679039268412357e-13 2.551508346460016103e-12 3.140329586154494478e-13 1.803192795318523375e-12 7.598338696801404519e-17 3.382200271328241360e-15
3.640000000000000124e+00 6.946274672404470734e-13 2.526064319468614481e-12 3.110990364397266732e-13 1.785581473676200014e-12 6.768445913105706200e-17 3.063916446339504500e-15
3.754999999999999893e+00 6.789150739506330238e-13 2.473666555707235557e-12 3.050512922779347985e-13 1.749302478637652601e-12 5.567957150940120820e-17 2.574889279048010991e-15
3.812500000000000000e+00 6.719956690876605262e-13 2.451339531631024377e-12 3.026457133440469148e-13 1.734872182220482893e-12 5.078618495605023382e-17 2.368893023517059009e-15
3.870000000000000107e+00 6.657249297812134272e-13 2.431771010670527331e-12 3.006919754142837801e-13 1.723146043072102589e-12 4.640424354537446681e-17 2.182521412659603872e-15
3.990000000000000213e+00 6.528126194938448107e-13 2.391398358568988477e-12 2.966522607826868635e-13 1.698910673348388972e-12 3.938928589550373540e-17 1.872165683861432911e-15
4.050000000000000711e+00 6.471707619355143541e-13 2.373570369862894737e-12 2.951623241180039353e-13 1.688993216952941330e-12 3.633566698017587218e-17 1.735129138346316418e-15
4.110000000000000320e+00 6.422722858065434408e-13 2.357911109588679908e-12 2.941869723540106804e-13 1.681179650858822201e-12 3.354545842168987982e-17 1.609256932364851564e-15
4.235000000000000320e+00 6.321714220577512121e-13 2.325578362654285478e-12 2.921640705746773449e-13 1.665003182536549280e-12 2.889171534866066173e-17 1.391121212801941235e-15
4.297500000000000320e+00 6.277321368917233803e-13 2.312297458424010887e-12 2.915142673451090334e-13 1.659642221881075370e-12 2.682420793639897553e-17 1.293620234025282738e-15
4.360000000000000320e+00 6.240097207365482783e-13 2.302518954842210664e-12 2.913194204021742072e-13 1.657692726156247172e-12 2.490999999999995450e-17 1.203200000000001289e-15
4.490000000000000213e+00 6.163257565386170018e-13 2.282289620139820084e-12 2.909144854264483235e-13 1.653643869650452156e-12 2.163419854891058097e-17 1.041802238796308382e-15
4.554999999999999716e+00 6.130007833542687789e-13 2.274597321420030257e-12 2.909397916662651944e-13 1.652400000000001926e-12 2.016136007668012336e-17 9.694028665036152422e-16
4.620000000000000107e+00 6.104548200753679522e-13 2.270690357112109096e-12 2.913292499985534970e-13 1.652400000000001926e-12 1.878183451250230115e-17 9.020893152948613723e-16
4.754999999999999893e+00 6.051936314512601972e-13 2.262592772137040599e-12 2.921394372384070935e-13 1.652400000000001926e-12 1.603215221932696862e-17 7.725444235260397452e-16
4.822499999999999787e+00 6.026294217838432197e-13 2.258009559608634737e-12 2.925355160503450353e-13 1.653027680000539797e-12 1.481508143965348699e-17 7.150597927259819910e-16
4.889999999999999680e+00 6.001676871353695916e-13 2.252338238434526548e-12 2.929120642013805562e-13 1.654910720002153411e-12 1.371792924072459349e-17 6.625590429558034731e-16
5.035000000000000142e+00 5.949039049395482555e-13 2.240189953776760407e-12 2.937221217764834127e-13 1.658960974945648204e-12 1.167550814027201980e-17 5.616445471961142732e-16
5.107499999999999929e+00 5.918599128040108010e-13 2.231915036496274092e-12 2.936621555661835761e-13 1.658199596236395577e-12 1.077506942633242084e-17 5.172947400471019034e-16
5.179999999999999716e+00 5.874681229920530388e-13 2.216648759123685770e-12 2.921382286260845401e-13 1.648669352072891906e-12 1.000498266998081003e-17 4.780529363557949363e-16
5.334999999999999964e+00 5.781496498789017632e-13 2.184237597653773903e-12 2.888973762619598592e-13 1.628413465007607826e-12 8.573531382800954356e-18 4.028235791117842354e-16
5.412499999999999645e+00 5.710057315346223949e-13 2.157975249764335662e-12 2.856330565779101295e-13 1.608741424986045855e-12 7.941670824916782720e-18 3.700642624473055350e-16
5.490000000000000213e+00 5.506432670492755975e-13 2.078461798303195524e-12 2.737480073609550393e-13 1.538938259899522788e-12 7.413088333172171557e-18 3.417964832315061762e-16
5.650000000000000355e+00 5.100116898661882393e-13 1.919982760258740845e-12 2.501699599973037269e-13 1.400701887527248047e-12 6.417600122746150225e-18 2.883099774975129672e-16
5.730000000000000426e+00 4.655300725016690610e-13 1.752613354088803504e-12 2.276326686712891867e-13 1.274441118803436766e-12 5.976526283713770015e-18 2.651208505906501381e-16
5.809999999999999609e+00 2.434506525150403899e-13 9.343201867993112857e-13 1.241340180416068650e-13 7.131700692309773734e-13 5.625369293471171767e-18 2.449093832526585327e-16
5.974999999999999645e+00 8.795775964327586258e-15 4.699285413327660558e-14 8.548217501130991013e-15 6.575042547020036889e-14 4.954003242815879499e-18 2.061762586294134773e-16
6.057499999999999218e+00 2.463408534378007429e-15 1.473471534487285435e-14 2.986557693090619549e-15 2.543066211886172673e-14 4.652695968601146119e-18 1.894444139388252931e-16
6.139999999999999680e+00 1.850802412536009507e-15 1.109058413847371083e-14 2.247992317087390689e-15 1.915694542634000711e-14 4.396460010500731605e-18 1.740585371683046026e-16
6.314999999999999503e+00 8.412590927684041571e-16 5.074883781646463396e-15 1.028745039551750802e-15 8.792299633146799849e-15 3.880366749684694675e-18 1.437074740336645784e-16
6.402499999999999858e+00 5.879358085371278665e-16 3.556740018417079087e-15 7.210295925906970916e-16 6.169805966515521609e-15 3.591721579305867967e-18 1.298614283459597849e-16
6.490000000000000213e+00 4.985391073366205703e-16 3.019140663014584881e-15 6.121653332651123443e-16 5.235514794558377199e-15 2.973072634447055071e-18 1.111114267676768144e-16
6.675000000000000711e+00 3.329503453146845566e-16 2.022462879484217897e-15 4.103045280098803985e-16 3.503871978923012300e-15 1.895411506298016360e-18 7.730917651304446670e-17
6.767500000000000071e+00 2.745396418505231602e-16 1.669972721605145870e-15 3.388794727362273984e-16 2.891944535809309939e-15 1.550655650373876122e-18 6.555836639080894523e-17
6.860000000000000320e+00 2.476137591839676761e-16 1.509089466909502638e-15 3.062665533881686072e-16 2.607261672544242656e-15 1.312361019813272985e-18 5.684105334171198311e-17
7.054999999999999716e+00 1.966418584745596372e-16 1.204267921641962030e-15 2.444690709996522072e-16 2.068225411620122416e-15 8.997612019887511312e-19 4.131382668135527009e-17
7.152499999999999858e+00 1.757430300124191297e-16 1.078768199592148759e-15 2.190202589144519445e-16 1.847429573037709487e-15 7.620446752150440035e-19 3.570037139861231082e-17
7.250000000000000000e+00 1.625367716610705751e-16 9.979499336895235437e-16 2.027203263620810951e-16 1.706423159593491348e-15 6.557001065907364511e-19 3.101892931307591497e-17
7.450000000000000178e+00 1.380541088400788876e-16 8.477368375121036143e-16 1.724341724332371600e-16 1.444887935075245570e-15 4.761060240578341841e-19 2.301469979502268256e-17
7.550000000000000711e+00 1.274150918054145341e-16 7.824542428423450724e-16 1.592569123354935719e-16 1.331539198722102412e-15 4.112003252143841417e-19 2.000926784150060373e-17
7.650000000000000355e+00 1.197021648512728066e-16 7.364912535931034877e-16 1.500221991959742235e-16 1.251950525440556791e-15 3.556409756431557982e-19 1.735180352450170330e-17
7.860000000000000320e+00 1.047943090296065080e-16 6.479404288058218240e-16 1.322345678248250859e-16 1.098791159987898717e-15 2.602592995909006992e-19 1.277314770844290115e-17
7.964999999999999858e+00 9.812587815362455174e-17 6.081680082566414038e-16 1.242326459184327547e-16 1.030137369243875138e-15 2.260125762107711292e-19 1.109123707201333133e-17
8.017500000000000071e+00 9.554245165025494333e-17 5.925479872493028659e-16 1.211338824858690599e-16 1.003544993384300277e-15 2.107815800733173695e-19 1.033139009171638682e-17
8.070000000000000284e+00 9.322188396061173143e-17 5.784191693983253265e-16 1.183533179660856563e-16 9.796679841223184546e-16 1.955505839358636339e-19 9.571543111419442323e-18
8.294999999999999929e+00 8.358728436459977053e-17 5.197241181790215305e-16 1.067884308189806178e-16 8.804694413524130674e-16 1.430584786422099102e-19 6.962656371229103366e-18
8.407499999999998863e+00 7.918396565695309469e-17 4.928524492982027780e-16 1.014755959487173589e-16 8.350454851037386159e-16 1.250644351292119842e-19 6.056112352356678716e-18
8.463749999999999218e+00 7.728403038229626533e-17 4.813481678985104971e-16 9.916191645045166934e-17 8.157978444039010601e-16 1.166330005694194265e-19 5.628684578871672821e-18
8.519999999999999574e+00 7.554574768612306930e-17 4.708951143960264089e-16 9.703177720120421141e-17 7.984609184104009949e-16 1.082015660096268567e-19 5.201256805386666156e-18
8.754999999999999005e+00 6.848008615371419157e-17 4.283653299945437939e-16 8.836247273397144202e-17 7.278824940638930310e-16 8.048564772075909337e-20 3.812371671534504220e-18
8.872499999999998721e+00 6.521913379643330041e-17 4.086803019424474708e-16 8.434636888450483267e-17 6.951588009392711982e-16 7.105115037083774954e-20 3.327438504492445943e-18
8.931249999999998579e+00 6.378017288878228645e-17 3.999895463699426524e-16 8.256860618150685177e-17 6.806955713086971735e-16 6.651802924192760401e-20 3.092976427799094216e-18
8.990000000000000213e+00 6.247201791969291113e-17 3.920926935454337096e-16 8.094918580273932306e-17 6.675460453690449013e-16 6.198490811301733811e-20 2.858514351105734785e-18
9.234999999999999432e+00 5.714575305276018801e-17 3.599107200050614138e-16 7.434856348175120424e-17 6.139309412030869616e-16 4.712778695549906167e-20 2.109567004228850138e-18
9.357499999999999929e+00 5.466763533111646103e-17 3.448955886940665560e-16 7.126745854673852358e-17 5.888770242343798829e-16 4.220758249115505767e-20 1.855501825935897280e-18
9.418749999999999289e+00 5.354689567136928764e-17 3.380167947990464145e-16 6.986723062985976037e-17 5.774557827773409032e-16 3.978290740675722565e-20 1.730031501157804055e-18
9.480000000000000426e+00 5.252406471037296285e-17 3.316399663274478070e-16 6.858306979782125998e-17 5.669437547812407979e-16 3.735823232235932141e-20 1.604561176379707362e-18
9.734999999999999432e+00 4.835579517856232417e-17 3.056459615831726267e-16 6.334553118250152326e-17 5.240611599549016780e-16 2.936857748419947879e-20 1.207311950926424518e-18
9.862500000000000711e+00 4.640522874920347968e-17 2.934715568213986072e-16 6.088821951007393074e-17 5.039290797766654453e-16 2.680780333128506645e-20 1.072466699550297588e-18
9.926249999999999574e+00 4.548625201299990381e-17 2.878170814012100848e-16 5.973756798574229020e-17 4.945194206140956772e-16 2.552741625482789338e-20 1.005044073862235953e-18
9.990000000000000213e+00 4.461257833028523974e-17 2.825642790898639765e-16 5.865580452254471448e-17 4.857022992483274413e-16 2.426052508901115702e-20 9.385392945316123246e-19
1.024500000000000099e+01 4.118932094050388002e-17 2.619610668535778175e-16 5.441211714299965405e-17 4.511027906354434969e-16 2.006315621612791132e-20 7.303913266568178639e-19
1.037250000000000050e+01 3.958372952364845080e-17 2.522656734094952851e-16 5.241415991475946908e-17 4.347974567103415063e-16 1.871563972739181235e-20 6.587701564056659758e-19
1.043625000000000114e+01 3.887288810815452983e-17 2.478989305641822166e-16 5.151662303084435522e-17 4.274655951695798772e-16 1.804188148302375233e-20 6.229595712800895503e-19
1.050000000000000000e+01 3.826547351367261743e-17 2.440591905057670895e-16 5.073127896289487044e-17 4.210434691528435071e-16 1.737355798483728337e-20 5.875750158532434487e-19
1.080000000000000071e+01 3.545463009503621187e-17 2.262879445433435091e-16 4.709554763535579035e-17 3.913052441804502959e-16 1.483115035290245348e-20 4.612601227392300116e-19
1.094999999999999929e+01 3.412993575987599733e-17 2.179082163157551809e-16 4.537953281394999548e-17 3.772570567088245552e-16 1.406360141161000451e-20 4.209404909569250105e-19
1.102499999999999858e+01 3.349094693582289402e-17 2.138507390865212376e-16 4.454803735243413828e-17 3.704235267810284910e-16 1.367982694096377852e-20 4.007806750657725341e-19
1.109999999999999964e+01 3.287068161493670501e-17 2.098544345191291901e-16 4.372822411460446309e-17 3.635911606861673335e-16 1.331592135962310662e-20 3.823850345835309170e-19
1.139999999999999858e+01 3.043134432640136160e-17 1.941404854188184047e-16 4.050376534732638340e-17 3.367194014868299337e-16 1.197537483645816247e-20 3.188100277717596918e-19
1.154999999999999893e+01 2.928245898395950995e-17 1.867436455944724266e-16 3.898450147297640114e-17 3.240600516366455046e-16 1.138249934583262941e-20 2.938801110870344226e-19
1.162500000000000000e+01 2.873092089083690016e-17 1.832192163712719965e-16 3.825534247001585168e-17 3.179844064027710370e-16 1.108606160051985986e-20 2.814151527446715954e-19
1.169999999999999929e+01 2.820552534502181843e-17 1.799652982276325562e-16 3.756205482009486587e-17 3.122064384166276271e-16 1.080430499737958161e-20 2.699257797837979924e-19
1.200000000000000000e+01 2.613883562126884320e-17 1.671594413663539914e-16 3.483452977074733408e-17 2.894758323773187513e-16 9.782257774311727914e-21 2.296167118894614420e-19
1.215000000000000036e+01 2.516469610631950067e-17 1.611126831666027778e-16 3.354819501351922325e-17 2.787575218946342254e-16 9.378031097247015577e-21 2.134668475578461007e-19
1.222500000000000142e+01 2.471227747763837721e-17 1.582740000000000994e-16 3.294908143692947552e-17 2.737624761073643667e-16 9.175917758714656399e-21 2.053919153920383338e-19
1.230000000000000071e+01 2.434366486583061839e-17 1.558440000000001269e-16 3.245448862157734103e-17 2.696248566441852099e-16 8.982158261370769134e-21 1.978853317639455510e-19
1.265000000000000036e+01 2.264677030827795585e-17 1.446621256495715674e-16 3.017784900989599092e-17 2.505809765313033053e-16 8.199025073063370952e-21 1.683793625200791033e-19
1.282499999999999929e+01 2.184334512830458037e-17 1.393766624208346213e-16 2.910032094668285092e-17 2.415710873579505566e-16 7.906818950924314757e-21 1.570732469302183507e-19
1.291249999999999964e+01 2.145451659693509376e-17 1.368241390358994297e-16 2.857891810341925350e-17 2.372162554437155936e-16 7.761822479937273916e-21 1.515002990689967123e-19
1.300000000000000000e+01 2.108759748966464241e-17 1.345190052923748975e-16 2.808605172309133554e-17 2.332351959737505712e-16 7.623465549445158115e-21 1.464080108100279098e-19
1.334999999999999964e+01 1.963950123598827487e-17 1.254196278997629973e-16 2.614111079716452447e-17 2.175193856685104068e-16 7.091834540224529729e-21 1.275826628049776208e-19
1.352499999999999858e+01 1.895329758115387416e-17 1.211041504388562666e-16 2.521990220455347384e-17 2.100644113290518747e-16 6.836044985617441636e-21 1.189073227136880901e-19
1.361249999999999893e+01 1.862101831841084864e-17 1.190131346766618773e-16 2.477402348017115931e-17 2.064481256100194321e-16 6.709130454716379949e-21 1.146318898806262549e-19
1.369999999999999929e+01 1.830665946279010782e-17 1.170228483598231162e-16 2.435484528616397454e-17 2.028825219606940289e-16 6.588097402230218433e-21 1.107298803230622413e-19
1.405000000000000071e+01 1.706578093940020038e-17 1.091655327525489478e-16 2.270026054584527792e-17 1.888122831582681266e-16 6.132956148789804394e-21 9.614189282791467409e-20
1.422500000000000142e+01 1.647734731506260951e-17 1.054376054058063749e-16 2.191574215730711589e-17 1.821485597906438341e-16 5.926379409171966569e-21 8.919770527676565923e-20
1.431250000000000000e+01 1.619221681475717563e-17 1.036290701819920370e-16 2.153582813622551242e-17 1.789231581124073688e-16 5.823830739574239716e-21 8.577848095625939382e-20
1.440000000000000036e+01 1.591980533125816595e-17 1.018465265517091865e-16 2.117981290411817261e-17 1.758836920466585599e-16 5.725720271243652429e-21 8.267647336616203885e-20
1.475000000000000000e+01 1.484445685096458835e-17 9.481203221498434319e-17 1.977410913156822824e-17 1.638869255721761709e-16 5.347800637722381400e-21 7.074617632893307461e-20
1.492500000000000071e+01 1.433442162102377454e-17 9.147970346484166124e-17 1.910675091236726468e-17 1.581999343848630775e-16 5.165451753736515253e-21 6.459698490456578836e-20
1.501249999999999929e+01 1.409400000000005150e-17 8.991000000000004004e-17 1.879200000000006456e-17 1.555200000000002078e-16 5.074938237875276937e-21 6.157855338521944989e-20
1.509999999999999964e+01 1.409400000000005150e-17 8.991000000000004004e-17 1.879200000000006456e-17 1.555200000000002078e-16 4.988390278804192873e-21 5.889710702289649401e-20
